difference_matrix tensor([[0.0000, 0.3832, 0.3834, 0.3832, 0.3837, 0.3827, 0.3839, 0.3831, 0.3836,
         0.3823],
        [0.3832, 0.0000, 0.3834, 0.3834, 0.3837, 0.3827, 0.3839, 0.3837, 0.3836,
         0.3825],
        [0.3834, 0.3834, 0.0000, 0.3835, 0.3840, 0.3826, 0.3841, 0.3836, 0.3838,
         0.3827],
        [0.3832, 0.3834, 0.3835, 0.0000, 0.3839, 0.3830, 0.3841, 0.3838, 0.3835,
         0.3825],
        [0.3837, 0.3837, 0.3840, 0.3839, 0.0000, 0.3831, 0.3847, 0.3836, 0.3837,
         0.3828],
        [0.3827, 0.3827, 0.3826, 0.3830, 0.3831, 0.0000, 0.3836, 0.3831, 0.3829,
         0.3821],
        [0.3839, 0.3839, 0.3841, 0.3841, 0.3847, 0.3836, 0.0000, 0.3843, 0.3848,
         0.3832],
        [0.3831, 0.3837, 0.3836, 0.3838, 0.3836, 0.3831, 0.3843, 0.0000, 0.3837,
         0.3827],
        [0.3836, 0.3836, 0.3838, 0.3835, 0.3837, 0.3829, 0.3848, 0.3837, 0.0000,
         0.3828],
        [0.3823, 0.3825, 0.3827, 0.3825, 0.3828, 0.3821, 0.3832, 0.3827, 0.3828,
         0.0000]], device='cuda:3', grad_fn=<SubBackward0>)
Contrastive Loss tensor(0., device='cuda:3', grad_fn=<DivBackward0>)
torch.Size([3327, 3327])
thresh 0.002306571
Epoch  1: train_loss: 12.9369 recon_acc: 0.0636 val_roc: 0.5262 val_ap: 0.5191 f1: 0.6687 time: 1.1296
thresh 1.614486e-05
          test_roc: 0.4927 test_ap: 0.4975 test_f1: 0.6672 test_recon_acc: 0.0051
difference_matrix tensor([[0.0000, 0.3782, 0.3785, 0.3782, 0.3788, 0.3777, 0.3790, 0.3781, 0.3786,
         0.3772],
        [0.3782, 0.0000, 0.3785, 0.3785, 0.3788, 0.3778, 0.3790, 0.3787, 0.3786,
         0.3775],
        [0.3785, 0.3785, 0.0000, 0.3786, 0.3791, 0.3777, 0.3793, 0.3786, 0.3789,
         0.3777],
        [0.3782, 0.3785, 0.3786, 0.0000, 0.3790, 0.3781, 0.3792, 0.3788, 0.3786,
         0.3775],
        [0.3788, 0.3788, 0.3791, 0.3790, 0.0000, 0.3782, 0.3799, 0.3788, 0.3788,
         0.3779],
        [0.3777, 0.3778, 0.3777, 0.3781, 0.3782, 0.0000, 0.3788, 0.3782, 0.3780,
         0.3771],
        [0.3790, 0.3790, 0.3793, 0.3792, 0.3799, 0.3788, 0.0000, 0.3795, 0.3799,
         0.3783],
        [0.3781, 0.3787, 0.3786, 0.3788, 0.3788, 0.3782, 0.3795, 0.0000, 0.3788,
         0.3778],
        [0.3786, 0.3786, 0.3789, 0.3786, 0.3788, 0.3780, 0.3799, 0.3788, 0.0000,
         0.3778],
        [0.3772, 0.3775, 0.3777, 0.3775, 0.3779, 0.3771, 0.3783, 0.3778, 0.3778,
         0.0000]], device='cuda:3', grad_fn=<SubBackward0>)
Contrastive Loss tensor(0., device='cuda:3', grad_fn=<DivBackward0>)
torch.Size([3327, 3327])
thresh 0.0027670497
Epoch  2: train_loss: 12.3539 recon_acc: 0.0619 val_roc: 0.5270 val_ap: 0.5198 f1: 0.6687 time: 0.2586
thresh 8.769138e-06
          test_roc: 0.4929 test_ap: 0.4975 test_f1: 0.6672 test_recon_acc: 0.0030
difference_matrix tensor([[0.0000, 0.3721, 0.3724, 0.3721, 0.3728, 0.3716, 0.3730, 0.3720, 0.3725,
         0.3711],
        [0.3721, 0.0000, 0.3724, 0.3723, 0.3728, 0.3716, 0.3729, 0.3726, 0.3725,
         0.3714],
        [0.3724, 0.3724, 0.0000, 0.3725, 0.3731, 0.3716, 0.3733, 0.3725, 0.3728,
         0.3716],
        [0.3721, 0.3723, 0.3725, 0.0000, 0.3730, 0.3719, 0.3732, 0.3727, 0.3725,
         0.3713],
        [0.3728, 0.3728, 0.3731, 0.3730, 0.0000, 0.3722, 0.3740, 0.3728, 0.3729,
         0.3719],
        [0.3716, 0.3716, 0.3716, 0.3719, 0.3722, 0.0000, 0.3727, 0.3721, 0.3718,
         0.3709],
        [0.3730, 0.3729, 0.3733, 0.3732, 0.3740, 0.3727, 0.0000, 0.3735, 0.3739,
         0.3722],
        [0.3720, 0.3726, 0.3725, 0.3727, 0.3728, 0.3721, 0.3735, 0.0000, 0.3727,
         0.3717],
        [0.3725, 0.3725, 0.3728, 0.3725, 0.3729, 0.3718, 0.3739, 0.3727, 0.0000,
         0.3717],
        [0.3711, 0.3714, 0.3716, 0.3713, 0.3719, 0.3709, 0.3722, 0.3717, 0.3717,
         0.0000]], device='cuda:3', grad_fn=<SubBackward0>)
Contrastive Loss tensor(0., device='cuda:3', grad_fn=<DivBackward0>)
torch.Size([3327, 3327])
thresh 0.0037918019
Epoch  3: train_loss: 11.7407 recon_acc: 0.0633 val_roc: 0.5283 val_ap: 0.5196 f1: 0.6677 time: 0.2680
thresh 1.7786471e-05
          test_roc: 0.4933 test_ap: 0.4969 test_f1: 0.6676 test_recon_acc: 0.0033
difference_matrix tensor([[0.0000, 0.3645, 0.3648, 0.3645, 0.3654, 0.3640, 0.3656, 0.3644, 0.3649,
         0.3636],
        [0.3645, 0.0000, 0.3648, 0.3647, 0.3654, 0.3640, 0.3655, 0.3650, 0.3649,
         0.3639],
        [0.3648, 0.3648, 0.0000, 0.3649, 0.3657, 0.3640, 0.3659, 0.3650, 0.3652,
         0.3641],
        [0.3645, 0.3647, 0.3649, 0.0000, 0.3655, 0.3643, 0.3657, 0.3651, 0.3649,
         0.3637],
        [0.3654, 0.3654, 0.3657, 0.3655, 0.0000, 0.3648, 0.3667, 0.3654, 0.3654,
         0.3645],
        [0.3640, 0.3640, 0.3640, 0.3643, 0.3648, 0.0000, 0.3653, 0.3645, 0.3643,
         0.3634],
        [0.3656, 0.3655, 0.3659, 0.3657, 0.3667, 0.3653, 0.0000, 0.3661, 0.3665,
         0.3648],
        [0.3644, 0.3650, 0.3650, 0.3651, 0.3654, 0.3645, 0.3661, 0.0000, 0.3652,
         0.3642],
        [0.3649, 0.3649, 0.3652, 0.3649, 0.3654, 0.3643, 0.3665, 0.3652, 0.0000,
         0.3641],
        [0.3636, 0.3639, 0.3641, 0.3637, 0.3645, 0.3634, 0.3648, 0.3642, 0.3641,
         0.0000]], device='cuda:3', grad_fn=<SubBackward0>)
Contrastive Loss tensor(0., device='cuda:3', grad_fn=<DivBackward0>)
torch.Size([3327, 3327])
thresh 0.0046361033
Epoch  4: train_loss: 11.0922 recon_acc: 0.0599 val_roc: 0.5293 val_ap: 0.5199 f1: 0.6687 time: 0.2820
thresh 3.0207484e-05
          test_roc: 0.4936 test_ap: 0.4962 test_f1: 0.6676 test_recon_acc: 0.0032
difference_matrix tensor([[0.0000, 0.3554, 0.3557, 0.3553, 0.3563, 0.3548, 0.3565, 0.3553, 0.3558,
         0.3545],
        [0.3554, 0.0000, 0.3556, 0.3555, 0.3562, 0.3548, 0.3563, 0.3558, 0.3557,
         0.3547],
        [0.3557, 0.3556, 0.0000, 0.3556, 0.3566, 0.3548, 0.3568, 0.3558, 0.3561,
         0.3549],
        [0.3553, 0.3555, 0.3556, 0.0000, 0.3564, 0.3551, 0.3566, 0.3558, 0.3557,
         0.3546],
        [0.3563, 0.3562, 0.3566, 0.3564, 0.0000, 0.3557, 0.3577, 0.3563, 0.3564,
         0.3554],
        [0.3548, 0.3548, 0.3548, 0.3551, 0.3557, 0.0000, 0.3562, 0.3553, 0.3551,
         0.3542],
        [0.3565, 0.3563, 0.3568, 0.3566, 0.3577, 0.3562, 0.0000, 0.3570, 0.3574,
         0.3558],
        [0.3553, 0.3558, 0.3558, 0.3558, 0.3563, 0.3553, 0.3570, 0.0000, 0.3560,
         0.3551],
        [0.3558, 0.3557, 0.3561, 0.3557, 0.3564, 0.3551, 0.3574, 0.3560, 0.0000,
         0.3550],
        [0.3545, 0.3547, 0.3549, 0.3546, 0.3554, 0.3542, 0.3558, 0.3551, 0.3550,
         0.0000]], device='cuda:3', grad_fn=<SubBackward0>)
Contrastive Loss tensor(0., device='cuda:3', grad_fn=<DivBackward0>)
torch.Size([3327, 3327])
thresh 0.0067351605
Epoch  5: train_loss: 10.4222 recon_acc: 0.0609 val_roc: 0.5296 val_ap: 0.5187 f1: 0.6687 time: 0.2518
thresh 4.7187186e-05
          test_roc: 0.4939 test_ap: 0.4954 test_f1: 0.6676 test_recon_acc: 0.0028
difference_matrix tensor([[0.0000, 0.3442, 0.3445, 0.3442, 0.3453, 0.3437, 0.3455, 0.3442, 0.3447,
         0.3435],
        [0.3442, 0.0000, 0.3444, 0.3443, 0.3451, 0.3437, 0.3452, 0.3446, 0.3446,
         0.3436],
        [0.3445, 0.3444, 0.0000, 0.3444, 0.3455, 0.3437, 0.3457, 0.3447, 0.3449,
         0.3437],
        [0.3442, 0.3443, 0.3444, 0.0000, 0.3453, 0.3439, 0.3455, 0.3447, 0.3445,
         0.3435],
        [0.3453, 0.3451, 0.3455, 0.3453, 0.0000, 0.3446, 0.3467, 0.3453, 0.3453,
         0.3444],
        [0.3437, 0.3437, 0.3437, 0.3439, 0.3446, 0.0000, 0.3451, 0.3442, 0.3439,
         0.3431],
        [0.3455, 0.3452, 0.3457, 0.3455, 0.3467, 0.3451, 0.0000, 0.3460, 0.3464,
         0.3448],
        [0.3442, 0.3446, 0.3447, 0.3447, 0.3453, 0.3442, 0.3460, 0.0000, 0.3449,
         0.3440],
        [0.3447, 0.3446, 0.3449, 0.3445, 0.3453, 0.3439, 0.3464, 0.3449, 0.0000,
         0.3439],
        [0.3435, 0.3436, 0.3437, 0.3435, 0.3444, 0.3431, 0.3448, 0.3440, 0.3439,
         0.0000]], device='cuda:3', grad_fn=<SubBackward0>)
Contrastive Loss tensor(0., device='cuda:3', grad_fn=<DivBackward0>)
torch.Size([3327, 3327])
thresh 0.0010831708
Epoch  6: train_loss: 9.7498 recon_acc: 0.0145 val_roc: 0.5308 val_ap: 0.5186 f1: 0.6677 time: 0.2611
thresh 8.1560065e-05
          test_roc: 0.4945 test_ap: 0.4948 test_f1: 0.6676 test_recon_acc: 0.0025
difference_matrix tensor([[0.0000, 0.3309, 0.3311, 0.3308, 0.3319, 0.3304, 0.3322, 0.3308, 0.3313,
         0.3302],
        [0.3309, 0.0000, 0.3310, 0.3309, 0.3318, 0.3304, 0.3320, 0.3312, 0.3312,
         0.3303],
        [0.3311, 0.3310, 0.0000, 0.3309, 0.3321, 0.3303, 0.3323, 0.3312, 0.3314,
         0.3303],
        [0.3308, 0.3309, 0.3309, 0.0000, 0.3318, 0.3305, 0.3322, 0.3312, 0.3311,
         0.3300],
        [0.3319, 0.3318, 0.3321, 0.3318, 0.0000, 0.3313, 0.3334, 0.3319, 0.3320,
         0.3311],
        [0.3304, 0.3304, 0.3303, 0.3305, 0.3313, 0.0000, 0.3318, 0.3308, 0.3306,
         0.3298],
        [0.3322, 0.3320, 0.3323, 0.3322, 0.3334, 0.3318, 0.0000, 0.3326, 0.3330,
         0.3315],
        [0.3308, 0.3312, 0.3312, 0.3312, 0.3319, 0.3308, 0.3326, 0.0000, 0.3315,
         0.3306],
        [0.3313, 0.3312, 0.3314, 0.3311, 0.3320, 0.3306, 0.3330, 0.3315, 0.0000,
         0.3306],
        [0.3302, 0.3303, 0.3303, 0.3300, 0.3311, 0.3298, 0.3315, 0.3306, 0.3306,
         0.0000]], device='cuda:3', grad_fn=<SubBackward0>)
Contrastive Loss tensor(0., device='cuda:3', grad_fn=<DivBackward0>)
torch.Size([3327, 3327])
thresh 0.0023581088
Epoch  7: train_loss: 9.0953 recon_acc: 0.0171 val_roc: 0.5321 val_ap: 0.5190 f1: 0.6677 time: 0.2642
thresh 0.0001472049
          test_roc: 0.4953 test_ap: 0.4946 test_f1: 0.6672 test_recon_acc: 0.0023
difference_matrix tensor([[0.0000, 0.3151, 0.3152, 0.3148, 0.3160, 0.3144, 0.3164, 0.3149, 0.3153,
         0.3142],
        [0.3151, 0.0000, 0.3151, 0.3150, 0.3160, 0.3145, 0.3162, 0.3153, 0.3153,
         0.3144],
        [0.3152, 0.3151, 0.0000, 0.3149, 0.3161, 0.3143, 0.3164, 0.3151, 0.3154,
         0.3143],
        [0.3148, 0.3150, 0.3149, 0.0000, 0.3158, 0.3144, 0.3162, 0.3151, 0.3151,
         0.3140],
        [0.3160, 0.3160, 0.3161, 0.3158, 0.0000, 0.3153, 0.3175, 0.3159, 0.3160,
         0.3151],
        [0.3144, 0.3145, 0.3143, 0.3144, 0.3153, 0.0000, 0.3159, 0.3148, 0.3146,
         0.3138],
        [0.3164, 0.3162, 0.3164, 0.3162, 0.3175, 0.3159, 0.0000, 0.3167, 0.3171,
         0.3156],
        [0.3149, 0.3153, 0.3151, 0.3151, 0.3159, 0.3148, 0.3167, 0.0000, 0.3155,
         0.3146],
        [0.3153, 0.3153, 0.3154, 0.3151, 0.3160, 0.3146, 0.3171, 0.3155, 0.0000,
         0.3146],
        [0.3142, 0.3144, 0.3143, 0.3140, 0.3151, 0.3138, 0.3156, 0.3146, 0.3146,
         0.0000]], device='cuda:3', grad_fn=<SubBackward0>)
Contrastive Loss tensor(0., device='cuda:3', grad_fn=<DivBackward0>)
torch.Size([3327, 3327])
thresh 0.0050927126
Epoch  8: train_loss: 8.4782 recon_acc: 0.0204 val_roc: 0.5330 val_ap: 0.5178 f1: 0.6677 time: 0.2493
thresh 0.0002766589
          test_roc: 0.4968 test_ap: 0.4948 test_f1: 0.6672 test_recon_acc: 0.0021
difference_matrix tensor([[0.0000, 0.2965, 0.2964, 0.2961, 0.2973, 0.2956, 0.2977, 0.2961, 0.2966,
         0.2954],
        [0.2965, 0.0000, 0.2965, 0.2963, 0.2974, 0.2958, 0.2977, 0.2966, 0.2967,
         0.2957],
        [0.2964, 0.2965, 0.0000, 0.2961, 0.2974, 0.2955, 0.2977, 0.2964, 0.2967,
         0.2954],
        [0.2961, 0.2963, 0.2961, 0.0000, 0.2971, 0.2956, 0.2976, 0.2963, 0.2963,
         0.2952],
        [0.2973, 0.2974, 0.2974, 0.2971, 0.0000, 0.2965, 0.2988, 0.2971, 0.2974,
         0.2963],
        [0.2956, 0.2958, 0.2955, 0.2956, 0.2965, 0.0000, 0.2972, 0.2960, 0.2958,
         0.2950],
        [0.2977, 0.2977, 0.2977, 0.2976, 0.2988, 0.2972, 0.0000, 0.2980, 0.2984,
         0.2968],
        [0.2961, 0.2966, 0.2964, 0.2963, 0.2971, 0.2960, 0.2980, 0.0000, 0.2967,
         0.2957],
        [0.2966, 0.2967, 0.2967, 0.2963, 0.2974, 0.2958, 0.2984, 0.2967, 0.0000,
         0.2958],
        [0.2954, 0.2957, 0.2954, 0.2952, 0.2963, 0.2950, 0.2968, 0.2957, 0.2958,
         0.0000]], device='cuda:3', grad_fn=<SubBackward0>)
Contrastive Loss tensor(0., device='cuda:3', grad_fn=<DivBackward0>)
torch.Size([3327, 3327])
thresh 0.010534731
Epoch  9: train_loss: 7.9164 recon_acc: 0.0244 val_roc: 0.5323 val_ap: 0.5165 f1: 0.6677 time: 0.2574
difference_matrix tensor([[0.0000, 0.2751, 0.2749, 0.2746, 0.2758, 0.2741, 0.2763, 0.2746, 0.2751,
         0.2739],
        [0.2751, 0.0000, 0.2751, 0.2749, 0.2760, 0.2744, 0.2764, 0.2752, 0.2754,
         0.2742],
        [0.2749, 0.2751, 0.0000, 0.2747, 0.2759, 0.2740, 0.2763, 0.2749, 0.2753,
         0.2738],
        [0.2746, 0.2749, 0.2747, 0.0000, 0.2756, 0.2741, 0.2762, 0.2748, 0.2749,
         0.2736],
        [0.2758, 0.2760, 0.2759, 0.2756, 0.0000, 0.2751, 0.2775, 0.2757, 0.2760,
         0.2748],
        [0.2741, 0.2744, 0.2740, 0.2741, 0.2751, 0.0000, 0.2757, 0.2744, 0.2744,
         0.2733],
        [0.2763, 0.2764, 0.2763, 0.2762, 0.2775, 0.2757, 0.0000, 0.2766, 0.2771,
         0.2754],
        [0.2746, 0.2752, 0.2749, 0.2748, 0.2757, 0.2744, 0.2766, 0.0000, 0.2753,
         0.2742],
        [0.2751, 0.2754, 0.2753, 0.2749, 0.2760, 0.2744, 0.2771, 0.2753, 0.0000,
         0.2743],
        [0.2739, 0.2742, 0.2738, 0.2736, 0.2748, 0.2733, 0.2754, 0.2742, 0.2743,
         0.0000]], device='cuda:3', grad_fn=<SubBackward0>)
Contrastive Loss tensor(0., device='cuda:3', grad_fn=<DivBackward0>)
torch.Size([3327, 3327])
thresh 0.003039031
Epoch 10: train_loss: 7.4232 recon_acc: 0.0044 val_roc: 0.5317 val_ap: 0.5146 f1: 0.6686 time: 0.2638
difference_matrix tensor([[0.0000, 0.2511, 0.2509, 0.2507, 0.2519, 0.2502, 0.2524, 0.2507, 0.2512,
         0.2499],
        [0.2511, 0.0000, 0.2511, 0.2510, 0.2522, 0.2506, 0.2526, 0.2513, 0.2515,
         0.2503],
        [0.2509, 0.2511, 0.0000, 0.2507, 0.2520, 0.2501, 0.2524, 0.2510, 0.2513,
         0.2498],
        [0.2507, 0.2510, 0.2507, 0.0000, 0.2518, 0.2502, 0.2523, 0.2509, 0.2510,
         0.2497],
        [0.2519, 0.2522, 0.2520, 0.2518, 0.0000, 0.2513, 0.2537, 0.2519, 0.2522,
         0.2510],
        [0.2502, 0.2506, 0.2501, 0.2502, 0.2513, 0.0000, 0.2520, 0.2506, 0.2505,
         0.2495],
        [0.2524, 0.2526, 0.2524, 0.2523, 0.2537, 0.2520, 0.0000, 0.2528, 0.2532,
         0.2515],
        [0.2507, 0.2513, 0.2510, 0.2509, 0.2519, 0.2506, 0.2528, 0.0000, 0.2514,
         0.2503],
        [0.2512, 0.2515, 0.2513, 0.2510, 0.2522, 0.2505, 0.2532, 0.2514, 0.0000,
         0.2503],
        [0.2499, 0.2503, 0.2498, 0.2497, 0.2510, 0.2495, 0.2515, 0.2503, 0.2503,
         0.0000]], device='cuda:3', grad_fn=<SubBackward0>)
Contrastive Loss tensor(0., device='cuda:3', grad_fn=<DivBackward0>)
torch.Size([3327, 3327])
thresh 0.006067357
Epoch 11: train_loss: 7.0086 recon_acc: 0.0046 val_roc: 0.5317 val_ap: 0.5135 f1: 0.6686 time: 0.2707
difference_matrix tensor([[0.0000, 0.2253, 0.2249, 0.2248, 0.2262, 0.2245, 0.2266, 0.2249, 0.2253,
         0.2241],
        [0.2253, 0.0000, 0.2252, 0.2252, 0.2265, 0.2248, 0.2268, 0.2255, 0.2256,
         0.2245],
        [0.2249, 0.2252, 0.0000, 0.2247, 0.2262, 0.2243, 0.2265, 0.2251, 0.2254,
         0.2240],
        [0.2248, 0.2252, 0.2247, 0.0000, 0.2261, 0.2245, 0.2265, 0.2251, 0.2252,
         0.2239],
        [0.2262, 0.2265, 0.2262, 0.2261, 0.0000, 0.2257, 0.2280, 0.2262, 0.2265,
         0.2253],
        [0.2245, 0.2248, 0.2243, 0.2245, 0.2257, 0.0000, 0.2263, 0.2249, 0.2248,
         0.2238],
        [0.2266, 0.2268, 0.2265, 0.2265, 0.2280, 0.2263, 0.0000, 0.2270, 0.2274,
         0.2257],
        [0.2249, 0.2255, 0.2251, 0.2251, 0.2262, 0.2249, 0.2270, 0.0000, 0.2256,
         0.2245],
        [0.2253, 0.2256, 0.2254, 0.2252, 0.2265, 0.2248, 0.2274, 0.2256, 0.0000,
         0.2246],
        [0.2241, 0.2245, 0.2240, 0.2239, 0.2253, 0.2238, 0.2257, 0.2245, 0.2246,
         0.0000]], device='cuda:3', grad_fn=<SubBackward0>)
Contrastive Loss tensor(0., device='cuda:3', grad_fn=<DivBackward0>)
torch.Size([3327, 3327])
thresh 0.011520528
Epoch 12: train_loss: 6.6803 recon_acc: 0.0048 val_roc: 0.5315 val_ap: 0.5125 f1: 0.6686 time: 0.2732
difference_matrix tensor([[0.0000, 0.1983, 0.1979, 0.1978, 0.1993, 0.1976, 0.1996, 0.1980, 0.1984,
         0.1972],
        [0.1983, 0.0000, 0.1982, 0.1982, 0.1996, 0.1980, 0.1999, 0.1985, 0.1987,
         0.1976],
        [0.1979, 0.1982, 0.0000, 0.1978, 0.1993, 0.1975, 0.1995, 0.1981, 0.1985,
         0.1970],
        [0.1978, 0.1982, 0.1978, 0.0000, 0.1992, 0.1977, 0.1996, 0.1981, 0.1983,
         0.1970],
        [0.1993, 0.1996, 0.1993, 0.1992, 0.0000, 0.1990, 0.2011, 0.1994, 0.1997,
         0.1985],
        [0.1976, 0.1980, 0.1975, 0.1977, 0.1990, 0.0000, 0.1994, 0.1981, 0.1981,
         0.1970],
        [0.1996, 0.1999, 0.1995, 0.1996, 0.2011, 0.1994, 0.0000, 0.2000, 0.2004,
         0.1988],
        [0.1980, 0.1985, 0.1981, 0.1981, 0.1994, 0.1981, 0.2000, 0.0000, 0.1987,
         0.1976],
        [0.1984, 0.1987, 0.1985, 0.1983, 0.1997, 0.1981, 0.2004, 0.1987, 0.0000,
         0.1977],
        [0.1972, 0.1976, 0.1970, 0.1970, 0.1985, 0.1970, 0.1988, 0.1976, 0.1977,
         0.0000]], device='cuda:3', grad_fn=<SubBackward0>)
Contrastive Loss tensor(0., device='cuda:3', grad_fn=<DivBackward0>)
torch.Size([3327, 3327])
thresh 0.02074481
Epoch 13: train_loss: 6.4406 recon_acc: 0.0051 val_roc: 0.5323 val_ap: 0.5097 f1: 0.6686 time: 0.2435
difference_matrix tensor([[0.0000, 0.1717, 0.1713, 0.1712, 0.1726, 0.1710, 0.1729, 0.1714, 0.1718,
         0.1706],
        [0.1717, 0.0000, 0.1716, 0.1716, 0.1729, 0.1714, 0.1731, 0.1719, 0.1721,
         0.1710],
        [0.1713, 0.1716, 0.0000, 0.1711, 0.1726, 0.1709, 0.1728, 0.1715, 0.1719,
         0.1704],
        [0.1712, 0.1716, 0.1711, 0.0000, 0.1725, 0.1711, 0.1729, 0.1715, 0.1717,
         0.1704],
        [0.1726, 0.1729, 0.1726, 0.1725, 0.0000, 0.1723, 0.1743, 0.1727, 0.1730,
         0.1718],
        [0.1710, 0.1714, 0.1709, 0.1711, 0.1723, 0.0000, 0.1727, 0.1714, 0.1715,
         0.1704],
        [0.1729, 0.1731, 0.1728, 0.1729, 0.1743, 0.1727, 0.0000, 0.1733, 0.1737,
         0.1722],
        [0.1714, 0.1719, 0.1715, 0.1715, 0.1727, 0.1714, 0.1733, 0.0000, 0.1721,
         0.1710],
        [0.1718, 0.1721, 0.1719, 0.1717, 0.1730, 0.1715, 0.1737, 0.1721, 0.0000,
         0.1712],
        [0.1706, 0.1710, 0.1704, 0.1704, 0.1718, 0.1704, 0.1722, 0.1710, 0.1712,
         0.0000]], device='cuda:3', grad_fn=<SubBackward0>)
Contrastive Loss tensor(0., device='cuda:3', grad_fn=<DivBackward0>)
torch.Size([3327, 3327])
thresh 0.11439758
Epoch 14: train_loss: 6.2831 recon_acc: 0.0418 val_roc: 0.5326 val_ap: 0.5088 f1: 0.6697 time: 0.2472
difference_matrix tensor([[0.0000, 0.1467, 0.1463, 0.1462, 0.1475, 0.1461, 0.1478, 0.1464, 0.1468,
         0.1457],
        [0.1467, 0.0000, 0.1466, 0.1466, 0.1478, 0.1464, 0.1480, 0.1469, 0.1471,
         0.1460],
        [0.1463, 0.1466, 0.0000, 0.1462, 0.1475, 0.1460, 0.1477, 0.1465, 0.1469,
         0.1455],
        [0.1462, 0.1466, 0.1462, 0.0000, 0.1474, 0.1461, 0.1477, 0.1465, 0.1467,
         0.1455],
        [0.1475, 0.1478, 0.1475, 0.1474, 0.0000, 0.1472, 0.1490, 0.1476, 0.1479,
         0.1468],
        [0.1461, 0.1464, 0.1460, 0.1461, 0.1472, 0.0000, 0.1476, 0.1464, 0.1465,
         0.1455],
        [0.1478, 0.1480, 0.1477, 0.1477, 0.1490, 0.1476, 0.0000, 0.1482, 0.1485,
         0.1471],
        [0.1464, 0.1469, 0.1465, 0.1465, 0.1476, 0.1464, 0.1482, 0.0000, 0.1471,
         0.1460],
        [0.1468, 0.1471, 0.1469, 0.1467, 0.1479, 0.1465, 0.1485, 0.1471, 0.0000,
         0.1462],
        [0.1457, 0.1460, 0.1455, 0.1455, 0.1468, 0.1455, 0.1471, 0.1460, 0.1462,
         0.0000]], device='cuda:3', grad_fn=<SubBackward0>)
Contrastive Loss tensor(0., device='cuda:3', grad_fn=<DivBackward0>)
torch.Size([3327, 3327])
thresh 0.14394102
Epoch 15: train_loss: 6.1963 recon_acc: 0.0419 val_roc: 0.5326 val_ap: 0.5073 f1: 0.6687 time: 0.2568
difference_matrix tensor([[0.0000, 0.1244, 0.1241, 0.1240, 0.1251, 0.1239, 0.1254, 0.1242, 0.1245,
         0.1235],
        [0.1244, 0.0000, 0.1243, 0.1243, 0.1254, 0.1242, 0.1256, 0.1246, 0.1248,
         0.1238],
        [0.1241, 0.1243, 0.0000, 0.1239, 0.1251, 0.1238, 0.1253, 0.1242, 0.1246,
         0.1234],
        [0.1240, 0.1243, 0.1239, 0.0000, 0.1250, 0.1239, 0.1253, 0.1242, 0.1244,
         0.1233],
        [0.1251, 0.1254, 0.1251, 0.1250, 0.0000, 0.1249, 0.1265, 0.1252, 0.1255,
         0.1245],
        [0.1239, 0.1242, 0.1238, 0.1239, 0.1249, 0.0000, 0.1252, 0.1242, 0.1243,
         0.1233],
        [0.1254, 0.1256, 0.1253, 0.1253, 0.1265, 0.1252, 0.0000, 0.1257, 0.1261,
         0.1247],
        [0.1242, 0.1246, 0.1242, 0.1242, 0.1252, 0.1242, 0.1257, 0.0000, 0.1248,
         0.1238],
        [0.1245, 0.1248, 0.1246, 0.1244, 0.1255, 0.1243, 0.1261, 0.1248, 0.0000,
         0.1240],
        [0.1235, 0.1238, 0.1234, 0.1233, 0.1245, 0.1233, 0.1247, 0.1238, 0.1240,
         0.0000]], device='cuda:3', grad_fn=<SubBackward0>)
Contrastive Loss tensor(0., device='cuda:3', grad_fn=<DivBackward0>)
torch.Size([3327, 3327])
thresh 0.07827882
Epoch 16: train_loss: 6.1655 recon_acc: 0.0068 val_roc: 0.5313 val_ap: 0.5054 f1: 0.6686 time: 0.2424
difference_matrix tensor([[0.0000, 0.1055, 0.1052, 0.1051, 0.1061, 0.1051, 0.1064, 0.1053, 0.1057,
         0.1047],
        [0.1055, 0.0000, 0.1055, 0.1055, 0.1065, 0.1054, 0.1067, 0.1057, 0.1060,
         0.1050],
        [0.1052, 0.1055, 0.0000, 0.1051, 0.1062, 0.1050, 0.1063, 0.1054, 0.1057,
         0.1046],
        [0.1051, 0.1055, 0.1051, 0.0000, 0.1061, 0.1051, 0.1063, 0.1054, 0.1056,
         0.1045],
        [0.1061, 0.1065, 0.1062, 0.1061, 0.0000, 0.1060, 0.1074, 0.1063, 0.1066,
         0.1056],
        [0.1051, 0.1054, 0.1050, 0.1051, 0.1060, 0.0000, 0.1063, 0.1054, 0.1055,
         0.1046],
        [0.1064, 0.1067, 0.1063, 0.1063, 0.1074, 0.1063, 0.0000, 0.1067, 0.1070,
         0.1058],
        [0.1053, 0.1057, 0.1054, 0.1054, 0.1063, 0.1054, 0.1067, 0.0000, 0.1059,
         0.1050],
        [0.1057, 0.1060, 0.1057, 0.1056, 0.1066, 0.1055, 0.1070, 0.1059, 0.0000,
         0.1052],
        [0.1047, 0.1050, 0.1046, 0.1045, 0.1056, 0.1046, 0.1058, 0.1050, 0.1052,
         0.0000]], device='cuda:3', grad_fn=<SubBackward0>)
Contrastive Loss tensor(0., device='cuda:3', grad_fn=<DivBackward0>)
torch.Size([3327, 3327])
thresh 0.1694773
Epoch 17: train_loss: 6.1737 recon_acc: 0.0265 val_roc: 0.5292 val_ap: 0.5040 f1: 0.6687 time: 0.2611
difference_matrix tensor([[0.0000, 0.0903, 0.0900, 0.0899, 0.0908, 0.0899, 0.0910, 0.0900, 0.0904,
         0.0895],
        [0.0903, 0.0000, 0.0903, 0.0903, 0.0912, 0.0902, 0.0913, 0.0905, 0.0908,
         0.0898],
        [0.0900, 0.0903, 0.0000, 0.0899, 0.0909, 0.0898, 0.0910, 0.0901, 0.0905,
         0.0894],
        [0.0899, 0.0903, 0.0899, 0.0000, 0.0908, 0.0899, 0.0910, 0.0901, 0.0904,
         0.0894],
        [0.0908, 0.0912, 0.0909, 0.0908, 0.0000, 0.0907, 0.0919, 0.0909, 0.0912,
         0.0903],
        [0.0899, 0.0902, 0.0898, 0.0899, 0.0907, 0.0000, 0.0910, 0.0901, 0.0903,
         0.0894],
        [0.0910, 0.0913, 0.0910, 0.0910, 0.0919, 0.0910, 0.0000, 0.0913, 0.0916,
         0.0905],
        [0.0900, 0.0905, 0.0901, 0.0901, 0.0909, 0.0901, 0.0913, 0.0000, 0.0906,
         0.0897],
        [0.0904, 0.0908, 0.0905, 0.0904, 0.0912, 0.0903, 0.0916, 0.0906, 0.0000,
         0.0900],
        [0.0895, 0.0898, 0.0894, 0.0894, 0.0903, 0.0894, 0.0905, 0.0897, 0.0900,
         0.0000]], device='cuda:3', grad_fn=<SubBackward0>)
Contrastive Loss tensor(0., device='cuda:3', grad_fn=<DivBackward0>)
torch.Size([3327, 3327])
thresh 0.19645199
Epoch 18: train_loss: 6.2059 recon_acc: 0.0277 val_roc: 0.5268 val_ap: 0.5022 f1: 0.6687 time: 0.2829
difference_matrix tensor([[0.0000, 0.0785, 0.0782, 0.0782, 0.0789, 0.0781, 0.0791, 0.0783, 0.0786,
         0.0777],
        [0.0785, 0.0000, 0.0786, 0.0786, 0.0793, 0.0785, 0.0794, 0.0787, 0.0790,
         0.0781],
        [0.0782, 0.0786, 0.0000, 0.0782, 0.0790, 0.0781, 0.0791, 0.0784, 0.0787,
         0.0777],
        [0.0782, 0.0786, 0.0782, 0.0000, 0.0790, 0.0782, 0.0791, 0.0784, 0.0786,
         0.0777],
        [0.0789, 0.0793, 0.0790, 0.0790, 0.0000, 0.0789, 0.0799, 0.0791, 0.0794,
         0.0785],
        [0.0781, 0.0785, 0.0781, 0.0782, 0.0789, 0.0000, 0.0791, 0.0784, 0.0786,
         0.0777],
        [0.0791, 0.0794, 0.0791, 0.0791, 0.0799, 0.0791, 0.0000, 0.0794, 0.0797,
         0.0787],
        [0.0783, 0.0787, 0.0784, 0.0784, 0.0791, 0.0784, 0.0794, 0.0000, 0.0788,
         0.0780],
        [0.0786, 0.0790, 0.0787, 0.0786, 0.0794, 0.0786, 0.0797, 0.0788, 0.0000,
         0.0782],
        [0.0777, 0.0781, 0.0777, 0.0777, 0.0785, 0.0777, 0.0787, 0.0780, 0.0782,
         0.0000]], device='cuda:3', grad_fn=<SubBackward0>)
Contrastive Loss tensor(0.0014, device='cuda:3', grad_fn=<DivBackward0>)
torch.Size([3327, 3327])
thresh 0.21815698
Epoch 19: train_loss: 6.2495 recon_acc: 0.0283 val_roc: 0.5265 val_ap: 0.5008 f1: 0.6687 time: 0.2724
difference_matrix tensor([[0.0000, 0.0701, 0.0698, 0.0698, 0.0704, 0.0697, 0.0706, 0.0699, 0.0702,
         0.0694],
        [0.0701, 0.0000, 0.0702, 0.0701, 0.0708, 0.0701, 0.0709, 0.0703, 0.0705,
         0.0697],
        [0.0698, 0.0702, 0.0000, 0.0698, 0.0706, 0.0698, 0.0706, 0.0700, 0.0703,
         0.0694],
        [0.0698, 0.0701, 0.0698, 0.0000, 0.0705, 0.0698, 0.0707, 0.0700, 0.0702,
         0.0693],
        [0.0704, 0.0708, 0.0706, 0.0705, 0.0000, 0.0704, 0.0713, 0.0706, 0.0709,
         0.0700],
        [0.0697, 0.0701, 0.0698, 0.0698, 0.0704, 0.0000, 0.0706, 0.0699, 0.0701,
         0.0693],
        [0.0706, 0.0709, 0.0706, 0.0707, 0.0713, 0.0706, 0.0000, 0.0708, 0.0712,
         0.0702],
        [0.0699, 0.0703, 0.0700, 0.0700, 0.0706, 0.0699, 0.0708, 0.0000, 0.0703,
         0.0696],
        [0.0702, 0.0705, 0.0703, 0.0702, 0.0709, 0.0701, 0.0712, 0.0703, 0.0000,
         0.0698],
        [0.0694, 0.0697, 0.0694, 0.0693, 0.0700, 0.0693, 0.0702, 0.0696, 0.0698,
         0.0000]], device='cuda:3', grad_fn=<SubBackward0>)
Contrastive Loss tensor(0.0098, device='cuda:3', grad_fn=<DivBackward0>)
torch.Size([3327, 3327])
thresh 0.16120045
Epoch 20: train_loss: 6.2957 recon_acc: 0.0074 val_roc: 0.5255 val_ap: 0.4997 f1: 0.6696 time: 0.2616
difference_matrix tensor([[0.0000, 0.0645, 0.0643, 0.0642, 0.0648, 0.0641, 0.0649, 0.0643, 0.0646,
         0.0638],
        [0.0645, 0.0000, 0.0646, 0.0645, 0.0651, 0.0645, 0.0652, 0.0646, 0.0649,
         0.0641],
        [0.0643, 0.0646, 0.0000, 0.0643, 0.0649, 0.0642, 0.0650, 0.0644, 0.0647,
         0.0638],
        [0.0642, 0.0645, 0.0643, 0.0000, 0.0648, 0.0642, 0.0650, 0.0644, 0.0646,
         0.0637],
        [0.0648, 0.0651, 0.0649, 0.0648, 0.0000, 0.0648, 0.0656, 0.0649, 0.0652,
         0.0644],
        [0.0641, 0.0645, 0.0642, 0.0642, 0.0648, 0.0000, 0.0649, 0.0643, 0.0645,
         0.0637],
        [0.0649, 0.0652, 0.0650, 0.0650, 0.0656, 0.0649, 0.0000, 0.0651, 0.0654,
         0.0645],
        [0.0643, 0.0646, 0.0644, 0.0644, 0.0649, 0.0643, 0.0651, 0.0000, 0.0647,
         0.0640],
        [0.0646, 0.0649, 0.0647, 0.0646, 0.0652, 0.0645, 0.0654, 0.0647, 0.0000,
         0.0642],
        [0.0638, 0.0641, 0.0638, 0.0637, 0.0644, 0.0637, 0.0645, 0.0640, 0.0642,
         0.0000]], device='cuda:3', grad_fn=<SubBackward0>)
Contrastive Loss tensor(0.0154, device='cuda:3', grad_fn=<DivBackward0>)
torch.Size([3327, 3327])
thresh 0.17187604
Epoch 21: train_loss: 6.3275 recon_acc: 0.0073 val_roc: 0.5256 val_ap: 0.4989 f1: 0.6696 time: 0.2568
difference_matrix tensor([[0.0000, 0.0613, 0.0610, 0.0610, 0.0615, 0.0609, 0.0616, 0.0610, 0.0613,
         0.0605],
        [0.0613, 0.0000, 0.0613, 0.0613, 0.0619, 0.0612, 0.0619, 0.0614, 0.0616,
         0.0608],
        [0.0610, 0.0613, 0.0000, 0.0611, 0.0617, 0.0609, 0.0617, 0.0612, 0.0615,
         0.0606],
        [0.0610, 0.0613, 0.0611, 0.0000, 0.0616, 0.0610, 0.0617, 0.0611, 0.0614,
         0.0605],
        [0.0615, 0.0619, 0.0617, 0.0616, 0.0000, 0.0615, 0.0623, 0.0616, 0.0619,
         0.0611],
        [0.0609, 0.0612, 0.0609, 0.0610, 0.0615, 0.0000, 0.0616, 0.0610, 0.0612,
         0.0605],
        [0.0616, 0.0619, 0.0617, 0.0617, 0.0623, 0.0616, 0.0000, 0.0618, 0.0621,
         0.0612],
        [0.0610, 0.0614, 0.0612, 0.0611, 0.0616, 0.0610, 0.0618, 0.0000, 0.0614,
         0.0607],
        [0.0613, 0.0616, 0.0615, 0.0614, 0.0619, 0.0612, 0.0621, 0.0614, 0.0000,
         0.0609],
        [0.0605, 0.0608, 0.0606, 0.0605, 0.0611, 0.0605, 0.0612, 0.0607, 0.0609,
         0.0000]], device='cuda:3', grad_fn=<SubBackward0>)
Contrastive Loss tensor(0.0187, device='cuda:3', grad_fn=<DivBackward0>)
torch.Size([3327, 3327])
thresh 0.17676395
Epoch 22: train_loss: 6.3413 recon_acc: 0.0070 val_roc: 0.5249 val_ap: 0.4984 f1: 0.6696 time: 0.2750
difference_matrix tensor([[0.0000, 0.0600, 0.0598, 0.0598, 0.0602, 0.0596, 0.0604, 0.0598, 0.0601,
         0.0593],
        [0.0600, 0.0000, 0.0601, 0.0601, 0.0606, 0.0599, 0.0607, 0.0601, 0.0604,
         0.0596],
        [0.0598, 0.0601, 0.0000, 0.0599, 0.0604, 0.0597, 0.0605, 0.0599, 0.0602,
         0.0594],
        [0.0598, 0.0601, 0.0599, 0.0000, 0.0603, 0.0597, 0.0605, 0.0599, 0.0601,
         0.0593],
        [0.0602, 0.0606, 0.0604, 0.0603, 0.0000, 0.0602, 0.0610, 0.0603, 0.0606,
         0.0598],
        [0.0596, 0.0599, 0.0597, 0.0597, 0.0602, 0.0000, 0.0603, 0.0598, 0.0600,
         0.0592],
        [0.0604, 0.0607, 0.0605, 0.0605, 0.0610, 0.0603, 0.0000, 0.0605, 0.0609,
         0.0599],
        [0.0598, 0.0601, 0.0599, 0.0599, 0.0603, 0.0598, 0.0605, 0.0000, 0.0602,
         0.0594],
        [0.0601, 0.0604, 0.0602, 0.0601, 0.0606, 0.0600, 0.0609, 0.0602, 0.0000,
         0.0597],
        [0.0593, 0.0596, 0.0594, 0.0593, 0.0598, 0.0592, 0.0599, 0.0594, 0.0597,
         0.0000]], device='cuda:3', grad_fn=<SubBackward0>)
Contrastive Loss tensor(0.0200, device='cuda:3', grad_fn=<DivBackward0>)
torch.Size([3327, 3327])
thresh 0.17755513
Epoch 23: train_loss: 6.3361 recon_acc: 0.0066 val_roc: 0.5245 val_ap: 0.4978 f1: 0.6696 time: 0.2686
difference_matrix tensor([[0.0000, 0.0606, 0.0604, 0.0603, 0.0608, 0.0602, 0.0609, 0.0603, 0.0606,
         0.0598],
        [0.0606, 0.0000, 0.0607, 0.0606, 0.0611, 0.0605, 0.0612, 0.0607, 0.0609,
         0.0601],
        [0.0604, 0.0607, 0.0000, 0.0605, 0.0610, 0.0603, 0.0610, 0.0605, 0.0608,
         0.0599],
        [0.0603, 0.0606, 0.0605, 0.0000, 0.0609, 0.0603, 0.0610, 0.0604, 0.0607,
         0.0598],
        [0.0608, 0.0611, 0.0610, 0.0609, 0.0000, 0.0607, 0.0615, 0.0608, 0.0612,
         0.0603],
        [0.0602, 0.0605, 0.0603, 0.0603, 0.0607, 0.0000, 0.0609, 0.0603, 0.0605,
         0.0597],
        [0.0609, 0.0612, 0.0610, 0.0610, 0.0615, 0.0609, 0.0000, 0.0611, 0.0614,
         0.0605],
        [0.0603, 0.0607, 0.0605, 0.0604, 0.0608, 0.0603, 0.0611, 0.0000, 0.0607,
         0.0599],
        [0.0606, 0.0609, 0.0608, 0.0607, 0.0612, 0.0605, 0.0614, 0.0607, 0.0000,
         0.0602],
        [0.0598, 0.0601, 0.0599, 0.0598, 0.0603, 0.0597, 0.0605, 0.0599, 0.0602,
         0.0000]], device='cuda:3', grad_fn=<SubBackward0>)
Contrastive Loss tensor(0.0194, device='cuda:3', grad_fn=<DivBackward0>)
torch.Size([3327, 3327])
thresh 0.2462368
Epoch 24: train_loss: 6.3127 recon_acc: 0.0253 val_roc: 0.5238 val_ap: 0.4963 f1: 0.6696 time: 0.2869
difference_matrix tensor([[0.0000, 0.0628, 0.0626, 0.0625, 0.0630, 0.0623, 0.0631, 0.0625, 0.0628,
         0.0620],
        [0.0628, 0.0000, 0.0629, 0.0629, 0.0633, 0.0626, 0.0634, 0.0629, 0.0631,
         0.0623],
        [0.0626, 0.0629, 0.0000, 0.0627, 0.0632, 0.0625, 0.0632, 0.0627, 0.0630,
         0.0621],
        [0.0625, 0.0629, 0.0627, 0.0000, 0.0631, 0.0625, 0.0632, 0.0626, 0.0629,
         0.0620],
        [0.0630, 0.0633, 0.0632, 0.0631, 0.0000, 0.0629, 0.0637, 0.0630, 0.0634,
         0.0625],
        [0.0623, 0.0626, 0.0625, 0.0625, 0.0629, 0.0000, 0.0630, 0.0625, 0.0627,
         0.0619],
        [0.0631, 0.0634, 0.0632, 0.0632, 0.0637, 0.0630, 0.0000, 0.0633, 0.0636,
         0.0626],
        [0.0625, 0.0629, 0.0627, 0.0626, 0.0630, 0.0625, 0.0633, 0.0000, 0.0629,
         0.0621],
        [0.0628, 0.0631, 0.0630, 0.0629, 0.0634, 0.0627, 0.0636, 0.0629, 0.0000,
         0.0624],
        [0.0620, 0.0623, 0.0621, 0.0620, 0.0625, 0.0619, 0.0626, 0.0621, 0.0624,
         0.0000]], device='cuda:3', grad_fn=<SubBackward0>)
Contrastive Loss tensor(0.0172, device='cuda:3', grad_fn=<DivBackward0>)
torch.Size([3327, 3327])
thresh 0.2548729
Epoch 25: train_loss: 6.2732 recon_acc: 0.0325 val_roc: 0.4918 val_ap: 0.4787 f1: 0.6756 time: 0.2494
difference_matrix tensor([[0.0000, 0.0665, 0.0664, 0.0663, 0.0668, 0.0661, 0.0669, 0.0662, 0.0666,
         0.0657],
        [0.0665, 0.0000, 0.0667, 0.0667, 0.0671, 0.0664, 0.0672, 0.0666, 0.0669,
         0.0660],
        [0.0664, 0.0667, 0.0000, 0.0665, 0.0670, 0.0662, 0.0670, 0.0665, 0.0668,
         0.0658],
        [0.0663, 0.0667, 0.0665, 0.0000, 0.0669, 0.0662, 0.0670, 0.0664, 0.0667,
         0.0657],
        [0.0668, 0.0671, 0.0670, 0.0669, 0.0000, 0.0666, 0.0675, 0.0668, 0.0672,
         0.0662],
        [0.0661, 0.0664, 0.0662, 0.0662, 0.0666, 0.0000, 0.0668, 0.0662, 0.0665,
         0.0655],
        [0.0669, 0.0672, 0.0670, 0.0670, 0.0675, 0.0668, 0.0000, 0.0670, 0.0674,
         0.0663],
        [0.0662, 0.0666, 0.0665, 0.0664, 0.0668, 0.0662, 0.0670, 0.0000, 0.0667,
         0.0658],
        [0.0666, 0.0669, 0.0668, 0.0667, 0.0672, 0.0665, 0.0674, 0.0667, 0.0000,
         0.0661],
        [0.0657, 0.0660, 0.0658, 0.0657, 0.0662, 0.0655, 0.0663, 0.0658, 0.0661,
         0.0000]], device='cuda:3', grad_fn=<SubBackward0>)
Contrastive Loss tensor(0.0134, device='cuda:3', grad_fn=<DivBackward0>)
torch.Size([3327, 3327])
thresh 0.24784419
Epoch 26: train_loss: 6.2197 recon_acc: 0.0327 val_roc: 0.4935 val_ap: 0.4823 f1: 0.6756 time: 0.2603
difference_matrix tensor([[0.0000, 0.0719, 0.0717, 0.0717, 0.0721, 0.0713, 0.0722, 0.0715, 0.0719,
         0.0709],
        [0.0719, 0.0000, 0.0721, 0.0720, 0.0725, 0.0717, 0.0725, 0.0719, 0.0723,
         0.0712],
        [0.0717, 0.0721, 0.0000, 0.0719, 0.0724, 0.0715, 0.0724, 0.0718, 0.0722,
         0.0711],
        [0.0717, 0.0720, 0.0719, 0.0000, 0.0723, 0.0715, 0.0724, 0.0717, 0.0721,
         0.0710],
        [0.0721, 0.0725, 0.0724, 0.0723, 0.0000, 0.0719, 0.0728, 0.0721, 0.0725,
         0.0715],
        [0.0713, 0.0717, 0.0715, 0.0715, 0.0719, 0.0000, 0.0721, 0.0715, 0.0717,
         0.0708],
        [0.0722, 0.0725, 0.0724, 0.0724, 0.0728, 0.0721, 0.0000, 0.0724, 0.0728,
         0.0716],
        [0.0715, 0.0719, 0.0718, 0.0717, 0.0721, 0.0715, 0.0724, 0.0000, 0.0720,
         0.0710],
        [0.0719, 0.0723, 0.0722, 0.0721, 0.0725, 0.0717, 0.0728, 0.0720, 0.0000,
         0.0713],
        [0.0709, 0.0712, 0.0711, 0.0710, 0.0715, 0.0708, 0.0716, 0.0710, 0.0713,
         0.0000]], device='cuda:3', grad_fn=<SubBackward0>)
Contrastive Loss tensor(0.0081, device='cuda:3', grad_fn=<DivBackward0>)
torch.Size([3327, 3327])
thresh 0.22057487
Epoch 27: train_loss: 6.1554 recon_acc: 0.0239 val_roc: 0.5213 val_ap: 0.4943 f1: 0.6706 time: 0.2682
difference_matrix tensor([[0.0000, 0.0787, 0.0786, 0.0785, 0.0789, 0.0781, 0.0791, 0.0783, 0.0788,
         0.0777],
        [0.0787, 0.0000, 0.0789, 0.0789, 0.0793, 0.0785, 0.0794, 0.0788, 0.0791,
         0.0780],
        [0.0786, 0.0789, 0.0000, 0.0787, 0.0793, 0.0783, 0.0793, 0.0786, 0.0791,
         0.0779],
        [0.0785, 0.0789, 0.0787, 0.0000, 0.0791, 0.0784, 0.0793, 0.0786, 0.0789,
         0.0778],
        [0.0789, 0.0793, 0.0793, 0.0791, 0.0000, 0.0787, 0.0797, 0.0789, 0.0793,
         0.0782],
        [0.0781, 0.0785, 0.0783, 0.0784, 0.0787, 0.0000, 0.0789, 0.0782, 0.0785,
         0.0775],
        [0.0791, 0.0794, 0.0793, 0.0793, 0.0797, 0.0789, 0.0000, 0.0792, 0.0796,
         0.0784],
        [0.0783, 0.0788, 0.0786, 0.0786, 0.0789, 0.0782, 0.0792, 0.0000, 0.0788,
         0.0778],
        [0.0788, 0.0791, 0.0791, 0.0789, 0.0793, 0.0785, 0.0796, 0.0788, 0.0000,
         0.0781],
        [0.0777, 0.0780, 0.0779, 0.0778, 0.0782, 0.0775, 0.0784, 0.0778, 0.0781,
         0.0000]], device='cuda:3', grad_fn=<SubBackward0>)
Contrastive Loss tensor(0.0013, device='cuda:3', grad_fn=<DivBackward0>)
torch.Size([3327, 3327])
thresh 0.20982276
Epoch 28: train_loss: 6.0851 recon_acc: 0.0246 val_roc: 0.5201 val_ap: 0.4944 f1: 0.6706 time: 0.2741
difference_matrix tensor([[0.0000, 0.0870, 0.0869, 0.0868, 0.0872, 0.0863, 0.0874, 0.0866, 0.0871,
         0.0859],
        [0.0870, 0.0000, 0.0873, 0.0872, 0.0877, 0.0867, 0.0877, 0.0871, 0.0874,
         0.0862],
        [0.0869, 0.0873, 0.0000, 0.0871, 0.0876, 0.0866, 0.0876, 0.0869, 0.0874,
         0.0861],
        [0.0868, 0.0872, 0.0871, 0.0000, 0.0875, 0.0866, 0.0876, 0.0868, 0.0872,
         0.0860],
        [0.0872, 0.0877, 0.0876, 0.0875, 0.0000, 0.0870, 0.0881, 0.0872, 0.0877,
         0.0864],
        [0.0863, 0.0867, 0.0866, 0.0866, 0.0870, 0.0000, 0.0871, 0.0865, 0.0868,
         0.0856],
        [0.0874, 0.0877, 0.0876, 0.0876, 0.0881, 0.0871, 0.0000, 0.0875, 0.0880,
         0.0866],
        [0.0866, 0.0871, 0.0869, 0.0868, 0.0872, 0.0865, 0.0875, 0.0000, 0.0871,
         0.0859],
        [0.0871, 0.0874, 0.0874, 0.0872, 0.0877, 0.0868, 0.0880, 0.0871, 0.0000,
         0.0863],
        [0.0859, 0.0862, 0.0861, 0.0860, 0.0864, 0.0856, 0.0866, 0.0859, 0.0863,
         0.0000]], device='cuda:3', grad_fn=<SubBackward0>)
Contrastive Loss tensor(0., device='cuda:3', grad_fn=<DivBackward0>)
torch.Size([3327, 3327])
thresh 0.19810615
Epoch 29: train_loss: 6.0200 recon_acc: 0.0257 val_roc: 0.5207 val_ap: 0.4954 f1: 0.6706 time: 0.2770
difference_matrix tensor([[0.0000, 0.0964, 0.0963, 0.0962, 0.0967, 0.0957, 0.0968, 0.0960, 0.0965,
         0.0952],
        [0.0964, 0.0000, 0.0967, 0.0966, 0.0971, 0.0961, 0.0972, 0.0965, 0.0969,
         0.0955],
        [0.0963, 0.0967, 0.0000, 0.0965, 0.0971, 0.0960, 0.0971, 0.0964, 0.0968,
         0.0955],
        [0.0962, 0.0966, 0.0965, 0.0000, 0.0969, 0.0960, 0.0970, 0.0963, 0.0967,
         0.0953],
        [0.0967, 0.0971, 0.0971, 0.0969, 0.0000, 0.0964, 0.0975, 0.0966, 0.0971,
         0.0958],
        [0.0957, 0.0961, 0.0960, 0.0960, 0.0964, 0.0000, 0.0965, 0.0958, 0.0962,
         0.0949],
        [0.0968, 0.0972, 0.0971, 0.0970, 0.0975, 0.0965, 0.0000, 0.0969, 0.0974,
         0.0959],
        [0.0960, 0.0965, 0.0964, 0.0963, 0.0966, 0.0958, 0.0969, 0.0000, 0.0965,
         0.0953],
        [0.0965, 0.0969, 0.0968, 0.0967, 0.0971, 0.0962, 0.0974, 0.0965, 0.0000,
         0.0956],
        [0.0952, 0.0955, 0.0955, 0.0953, 0.0958, 0.0949, 0.0959, 0.0953, 0.0956,
         0.0000]], device='cuda:3', grad_fn=<SubBackward0>)
Contrastive Loss tensor(0., device='cuda:3', grad_fn=<DivBackward0>)
torch.Size([3327, 3327])
thresh 0.1847586
Epoch 30: train_loss: 5.9600 recon_acc: 0.0266 val_roc: 0.5207 val_ap: 0.4959 f1: 0.6706 time: 0.2596
difference_matrix tensor([[0.0000, 0.1068, 0.1067, 0.1065, 0.1070, 0.1060, 0.1071, 0.1063, 0.1068,
         0.1054],
        [0.1068, 0.0000, 0.1071, 0.1070, 0.1075, 0.1064, 0.1075, 0.1068, 0.1072,
         0.1058],
        [0.1067, 0.1071, 0.0000, 0.1069, 0.1075, 0.1063, 0.1074, 0.1067, 0.1072,
         0.1057],
        [0.1065, 0.1070, 0.1069, 0.0000, 0.1073, 0.1063, 0.1074, 0.1066, 0.1070,
         0.1056],
        [0.1070, 0.1075, 0.1075, 0.1073, 0.0000, 0.1067, 0.1079, 0.1070, 0.1075,
         0.1061],
        [0.1060, 0.1064, 0.1063, 0.1063, 0.1067, 0.0000, 0.1068, 0.1061, 0.1065,
         0.1051],
        [0.1071, 0.1075, 0.1074, 0.1074, 0.1079, 0.1068, 0.0000, 0.1072, 0.1078,
         0.1062],
        [0.1063, 0.1068, 0.1067, 0.1066, 0.1070, 0.1061, 0.1072, 0.0000, 0.1068,
         0.1055],
        [0.1068, 0.1072, 0.1072, 0.1070, 0.1075, 0.1065, 0.1078, 0.1068, 0.0000,
         0.1059],
        [0.1054, 0.1058, 0.1057, 0.1056, 0.1061, 0.1051, 0.1062, 0.1055, 0.1059,
         0.0000]], device='cuda:3', grad_fn=<SubBackward0>)
Contrastive Loss tensor(0., device='cuda:3', grad_fn=<DivBackward0>)
torch.Size([3327, 3327])
thresh 0.16936335
