difference_matrix tensor([[0.0000, 0.3832, 0.3834, 0.3832, 0.3837, 0.3827, 0.3839, 0.3831, 0.3836,
         0.3823],
        [0.3832, 0.0000, 0.3834, 0.3834, 0.3837, 0.3827, 0.3839, 0.3837, 0.3836,
         0.3825],
        [0.3834, 0.3834, 0.0000, 0.3835, 0.3840, 0.3826, 0.3841, 0.3836, 0.3838,
         0.3827],
        [0.3832, 0.3834, 0.3835, 0.0000, 0.3839, 0.3830, 0.3841, 0.3838, 0.3835,
         0.3825],
        [0.3837, 0.3837, 0.3840, 0.3839, 0.0000, 0.3831, 0.3847, 0.3836, 0.3837,
         0.3828],
        [0.3827, 0.3827, 0.3826, 0.3830, 0.3831, 0.0000, 0.3836, 0.3831, 0.3829,
         0.3821],
        [0.3839, 0.3839, 0.3841, 0.3841, 0.3847, 0.3836, 0.0000, 0.3843, 0.3848,
         0.3832],
        [0.3831, 0.3837, 0.3836, 0.3838, 0.3836, 0.3831, 0.3843, 0.0000, 0.3837,
         0.3827],
        [0.3836, 0.3836, 0.3838, 0.3835, 0.3837, 0.3829, 0.3848, 0.3837, 0.0000,
         0.3828],
        [0.3823, 0.3825, 0.3827, 0.3825, 0.3828, 0.3821, 0.3832, 0.3827, 0.3828,
         0.0000]], device='cuda:3', grad_fn=<SubBackward0>)
Contrastive Loss tensor(0., device='cuda:3', grad_fn=<DivBackward0>)
torch.Size([3327, 3327])
thresh 0.002306571
Epoch  1: train_loss: 12.9369 recon_acc: 0.0636 val_roc: 0.5262 val_ap: 0.5191 f1: 0.6687 time: 1.1769
thresh 1.614486e-05
          test_roc: 0.4927 test_ap: 0.4975 test_f1: 0.6672 test_recon_acc: 0.0051
difference_matrix tensor([[0.0000, 0.3782, 0.3785, 0.3782, 0.3788, 0.3777, 0.3790, 0.3781, 0.3786,
         0.3772],
        [0.3782, 0.0000, 0.3785, 0.3785, 0.3788, 0.3778, 0.3790, 0.3787, 0.3786,
         0.3775],
        [0.3785, 0.3785, 0.0000, 0.3786, 0.3791, 0.3777, 0.3793, 0.3786, 0.3789,
         0.3777],
        [0.3782, 0.3785, 0.3786, 0.0000, 0.3790, 0.3781, 0.3792, 0.3788, 0.3786,
         0.3775],
        [0.3788, 0.3788, 0.3791, 0.3790, 0.0000, 0.3782, 0.3799, 0.3788, 0.3788,
         0.3779],
        [0.3777, 0.3778, 0.3777, 0.3781, 0.3782, 0.0000, 0.3788, 0.3782, 0.3780,
         0.3771],
        [0.3790, 0.3790, 0.3793, 0.3792, 0.3799, 0.3788, 0.0000, 0.3795, 0.3799,
         0.3783],
        [0.3781, 0.3787, 0.3786, 0.3788, 0.3788, 0.3782, 0.3795, 0.0000, 0.3788,
         0.3778],
        [0.3786, 0.3786, 0.3789, 0.3786, 0.3788, 0.3780, 0.3799, 0.3788, 0.0000,
         0.3778],
        [0.3772, 0.3775, 0.3777, 0.3775, 0.3779, 0.3771, 0.3783, 0.3778, 0.3778,
         0.0000]], device='cuda:3', grad_fn=<SubBackward0>)
Contrastive Loss tensor(0., device='cuda:3', grad_fn=<DivBackward0>)
torch.Size([3327, 3327])
thresh 0.0027670509
Epoch  2: train_loss: 12.3539 recon_acc: 0.0619 val_roc: 0.5270 val_ap: 0.5198 f1: 0.6687 time: 0.2863
thresh 8.769138e-06
          test_roc: 0.4929 test_ap: 0.4975 test_f1: 0.6672 test_recon_acc: 0.0030
difference_matrix tensor([[0.0000, 0.3721, 0.3724, 0.3721, 0.3728, 0.3716, 0.3730, 0.3720, 0.3725,
         0.3711],
        [0.3721, 0.0000, 0.3724, 0.3723, 0.3728, 0.3716, 0.3729, 0.3726, 0.3725,
         0.3714],
        [0.3724, 0.3724, 0.0000, 0.3725, 0.3731, 0.3716, 0.3733, 0.3725, 0.3728,
         0.3716],
        [0.3721, 0.3723, 0.3725, 0.0000, 0.3730, 0.3719, 0.3732, 0.3727, 0.3725,
         0.3713],
        [0.3728, 0.3728, 0.3731, 0.3730, 0.0000, 0.3722, 0.3740, 0.3728, 0.3729,
         0.3719],
        [0.3716, 0.3716, 0.3716, 0.3719, 0.3722, 0.0000, 0.3727, 0.3721, 0.3718,
         0.3709],
        [0.3730, 0.3729, 0.3733, 0.3732, 0.3740, 0.3727, 0.0000, 0.3735, 0.3739,
         0.3722],
        [0.3720, 0.3726, 0.3725, 0.3727, 0.3728, 0.3721, 0.3735, 0.0000, 0.3727,
         0.3717],
        [0.3725, 0.3725, 0.3728, 0.3725, 0.3729, 0.3718, 0.3739, 0.3727, 0.0000,
         0.3717],
        [0.3711, 0.3714, 0.3716, 0.3713, 0.3719, 0.3709, 0.3722, 0.3717, 0.3717,
         0.0000]], device='cuda:3', grad_fn=<SubBackward0>)
Contrastive Loss tensor(0., device='cuda:3', grad_fn=<DivBackward0>)
torch.Size([3327, 3327])
thresh 0.0037918019
Epoch  3: train_loss: 11.7407 recon_acc: 0.0633 val_roc: 0.5283 val_ap: 0.5196 f1: 0.6677 time: 0.2514
thresh 1.7786471e-05
          test_roc: 0.4933 test_ap: 0.4969 test_f1: 0.6676 test_recon_acc: 0.0033
difference_matrix tensor([[0.0000, 0.3645, 0.3648, 0.3645, 0.3654, 0.3640, 0.3656, 0.3644, 0.3649,
         0.3636],
        [0.3645, 0.0000, 0.3648, 0.3647, 0.3654, 0.3640, 0.3655, 0.3650, 0.3649,
         0.3639],
        [0.3648, 0.3648, 0.0000, 0.3649, 0.3657, 0.3640, 0.3659, 0.3650, 0.3652,
         0.3641],
        [0.3645, 0.3647, 0.3649, 0.0000, 0.3655, 0.3643, 0.3657, 0.3651, 0.3649,
         0.3637],
        [0.3654, 0.3654, 0.3657, 0.3655, 0.0000, 0.3648, 0.3667, 0.3654, 0.3654,
         0.3645],
        [0.3640, 0.3640, 0.3640, 0.3643, 0.3648, 0.0000, 0.3653, 0.3645, 0.3643,
         0.3634],
        [0.3656, 0.3655, 0.3659, 0.3657, 0.3667, 0.3653, 0.0000, 0.3661, 0.3665,
         0.3648],
        [0.3644, 0.3650, 0.3650, 0.3651, 0.3654, 0.3645, 0.3661, 0.0000, 0.3652,
         0.3642],
        [0.3649, 0.3649, 0.3652, 0.3649, 0.3654, 0.3643, 0.3665, 0.3652, 0.0000,
         0.3641],
        [0.3636, 0.3639, 0.3641, 0.3637, 0.3645, 0.3634, 0.3648, 0.3642, 0.3641,
         0.0000]], device='cuda:3', grad_fn=<SubBackward0>)
Contrastive Loss tensor(0., device='cuda:3', grad_fn=<DivBackward0>)
torch.Size([3327, 3327])
thresh 0.0046361033
Epoch  4: train_loss: 11.0922 recon_acc: 0.0599 val_roc: 0.5293 val_ap: 0.5199 f1: 0.6687 time: 0.2646
thresh 3.0207484e-05
          test_roc: 0.4936 test_ap: 0.4962 test_f1: 0.6676 test_recon_acc: 0.0032
difference_matrix tensor([[0.0000, 0.3554, 0.3557, 0.3553, 0.3563, 0.3548, 0.3565, 0.3553, 0.3558,
         0.3545],
        [0.3554, 0.0000, 0.3556, 0.3555, 0.3562, 0.3548, 0.3563, 0.3558, 0.3557,
         0.3547],
        [0.3557, 0.3556, 0.0000, 0.3556, 0.3566, 0.3548, 0.3568, 0.3558, 0.3561,
         0.3549],
        [0.3553, 0.3555, 0.3556, 0.0000, 0.3564, 0.3551, 0.3566, 0.3558, 0.3557,
         0.3546],
        [0.3563, 0.3562, 0.3566, 0.3564, 0.0000, 0.3557, 0.3577, 0.3563, 0.3564,
         0.3554],
        [0.3548, 0.3548, 0.3548, 0.3551, 0.3557, 0.0000, 0.3562, 0.3553, 0.3551,
         0.3542],
        [0.3565, 0.3563, 0.3568, 0.3566, 0.3577, 0.3562, 0.0000, 0.3570, 0.3574,
         0.3558],
        [0.3553, 0.3558, 0.3558, 0.3558, 0.3563, 0.3553, 0.3570, 0.0000, 0.3560,
         0.3551],
        [0.3558, 0.3557, 0.3561, 0.3557, 0.3564, 0.3551, 0.3574, 0.3560, 0.0000,
         0.3550],
        [0.3545, 0.3547, 0.3549, 0.3546, 0.3554, 0.3542, 0.3558, 0.3551, 0.3550,
         0.0000]], device='cuda:3', grad_fn=<SubBackward0>)
Contrastive Loss tensor(0., device='cuda:3', grad_fn=<DivBackward0>)
torch.Size([3327, 3327])
thresh 0.0067351605
Epoch  5: train_loss: 10.4222 recon_acc: 0.0609 val_roc: 0.5296 val_ap: 0.5187 f1: 0.6687 time: 0.2722
thresh 4.7187186e-05
          test_roc: 0.4939 test_ap: 0.4954 test_f1: 0.6676 test_recon_acc: 0.0028
difference_matrix tensor([[0.0000, 0.3442, 0.3445, 0.3442, 0.3453, 0.3437, 0.3455, 0.3442, 0.3447,
         0.3435],
        [0.3442, 0.0000, 0.3444, 0.3443, 0.3451, 0.3437, 0.3452, 0.3446, 0.3446,
         0.3436],
        [0.3445, 0.3444, 0.0000, 0.3444, 0.3455, 0.3437, 0.3457, 0.3447, 0.3449,
         0.3437],
        [0.3442, 0.3443, 0.3444, 0.0000, 0.3453, 0.3439, 0.3455, 0.3447, 0.3445,
         0.3435],
        [0.3453, 0.3451, 0.3455, 0.3453, 0.0000, 0.3446, 0.3467, 0.3453, 0.3453,
         0.3444],
        [0.3437, 0.3437, 0.3437, 0.3439, 0.3446, 0.0000, 0.3451, 0.3442, 0.3439,
         0.3431],
        [0.3455, 0.3452, 0.3457, 0.3455, 0.3467, 0.3451, 0.0000, 0.3460, 0.3464,
         0.3448],
        [0.3442, 0.3446, 0.3447, 0.3447, 0.3453, 0.3442, 0.3460, 0.0000, 0.3449,
         0.3440],
        [0.3447, 0.3446, 0.3449, 0.3445, 0.3453, 0.3439, 0.3464, 0.3449, 0.0000,
         0.3439],
        [0.3435, 0.3436, 0.3437, 0.3435, 0.3444, 0.3431, 0.3448, 0.3440, 0.3439,
         0.0000]], device='cuda:3', grad_fn=<SubBackward0>)
Contrastive Loss tensor(0., device='cuda:3', grad_fn=<DivBackward0>)
torch.Size([3327, 3327])
thresh 0.0010831708
Epoch  6: train_loss: 9.7498 recon_acc: 0.0145 val_roc: 0.5308 val_ap: 0.5186 f1: 0.6677 time: 0.2499
thresh 8.1560065e-05
          test_roc: 0.4945 test_ap: 0.4948 test_f1: 0.6676 test_recon_acc: 0.0025
difference_matrix tensor([[0.0000, 0.3309, 0.3311, 0.3308, 0.3319, 0.3304, 0.3322, 0.3308, 0.3313,
         0.3302],
        [0.3309, 0.0000, 0.3310, 0.3309, 0.3318, 0.3304, 0.3320, 0.3312, 0.3312,
         0.3303],
        [0.3311, 0.3310, 0.0000, 0.3309, 0.3321, 0.3303, 0.3323, 0.3312, 0.3314,
         0.3303],
        [0.3308, 0.3309, 0.3309, 0.0000, 0.3318, 0.3305, 0.3322, 0.3312, 0.3311,
         0.3300],
        [0.3319, 0.3318, 0.3321, 0.3318, 0.0000, 0.3313, 0.3334, 0.3319, 0.3320,
         0.3311],
        [0.3304, 0.3304, 0.3303, 0.3305, 0.3313, 0.0000, 0.3318, 0.3308, 0.3306,
         0.3298],
        [0.3322, 0.3320, 0.3323, 0.3322, 0.3334, 0.3318, 0.0000, 0.3326, 0.3330,
         0.3315],
        [0.3308, 0.3312, 0.3312, 0.3312, 0.3319, 0.3308, 0.3326, 0.0000, 0.3315,
         0.3306],
        [0.3313, 0.3312, 0.3314, 0.3311, 0.3320, 0.3306, 0.3330, 0.3315, 0.0000,
         0.3306],
        [0.3302, 0.3303, 0.3303, 0.3300, 0.3311, 0.3298, 0.3315, 0.3306, 0.3306,
         0.0000]], device='cuda:3', grad_fn=<SubBackward0>)
Contrastive Loss tensor(0., device='cuda:3', grad_fn=<DivBackward0>)
torch.Size([3327, 3327])
thresh 0.0023581088
Epoch  7: train_loss: 9.0953 recon_acc: 0.0171 val_roc: 0.5321 val_ap: 0.5190 f1: 0.6677 time: 0.2498
thresh 0.0001472049
          test_roc: 0.4953 test_ap: 0.4946 test_f1: 0.6672 test_recon_acc: 0.0023
difference_matrix tensor([[0.0000, 0.3151, 0.3152, 0.3148, 0.3160, 0.3144, 0.3164, 0.3149, 0.3153,
         0.3142],
        [0.3151, 0.0000, 0.3151, 0.3150, 0.3160, 0.3145, 0.3162, 0.3153, 0.3153,
         0.3144],
        [0.3152, 0.3151, 0.0000, 0.3149, 0.3161, 0.3143, 0.3164, 0.3151, 0.3154,
         0.3143],
        [0.3148, 0.3150, 0.3149, 0.0000, 0.3158, 0.3144, 0.3162, 0.3151, 0.3151,
         0.3140],
        [0.3160, 0.3160, 0.3161, 0.3158, 0.0000, 0.3153, 0.3175, 0.3159, 0.3160,
         0.3151],
        [0.3144, 0.3145, 0.3143, 0.3144, 0.3153, 0.0000, 0.3159, 0.3148, 0.3146,
         0.3138],
        [0.3164, 0.3162, 0.3164, 0.3162, 0.3175, 0.3159, 0.0000, 0.3167, 0.3171,
         0.3156],
        [0.3149, 0.3153, 0.3151, 0.3151, 0.3159, 0.3148, 0.3167, 0.0000, 0.3155,
         0.3146],
        [0.3153, 0.3153, 0.3154, 0.3151, 0.3160, 0.3146, 0.3171, 0.3155, 0.0000,
         0.3146],
        [0.3142, 0.3144, 0.3143, 0.3140, 0.3151, 0.3138, 0.3156, 0.3146, 0.3146,
         0.0000]], device='cuda:3', grad_fn=<SubBackward0>)
Contrastive Loss tensor(0., device='cuda:3', grad_fn=<DivBackward0>)
torch.Size([3327, 3327])
thresh 0.0050927126
Epoch  8: train_loss: 8.4782 recon_acc: 0.0204 val_roc: 0.5330 val_ap: 0.5178 f1: 0.6677 time: 0.2622
thresh 0.0002766589
          test_roc: 0.4968 test_ap: 0.4948 test_f1: 0.6672 test_recon_acc: 0.0021
difference_matrix tensor([[0.0000, 0.2965, 0.2964, 0.2961, 0.2973, 0.2956, 0.2977, 0.2961, 0.2966,
         0.2954],
        [0.2965, 0.0000, 0.2965, 0.2963, 0.2974, 0.2958, 0.2977, 0.2966, 0.2967,
         0.2957],
        [0.2964, 0.2965, 0.0000, 0.2961, 0.2974, 0.2955, 0.2977, 0.2964, 0.2967,
         0.2954],
        [0.2961, 0.2963, 0.2961, 0.0000, 0.2971, 0.2956, 0.2976, 0.2963, 0.2963,
         0.2952],
        [0.2973, 0.2974, 0.2974, 0.2971, 0.0000, 0.2965, 0.2988, 0.2971, 0.2974,
         0.2963],
        [0.2956, 0.2958, 0.2955, 0.2956, 0.2965, 0.0000, 0.2972, 0.2960, 0.2958,
         0.2950],
        [0.2977, 0.2977, 0.2977, 0.2976, 0.2988, 0.2972, 0.0000, 0.2980, 0.2984,
         0.2968],
        [0.2961, 0.2966, 0.2964, 0.2963, 0.2971, 0.2960, 0.2980, 0.0000, 0.2967,
         0.2957],
        [0.2966, 0.2967, 0.2967, 0.2963, 0.2974, 0.2958, 0.2984, 0.2967, 0.0000,
         0.2958],
        [0.2954, 0.2957, 0.2954, 0.2952, 0.2963, 0.2950, 0.2968, 0.2957, 0.2958,
         0.0000]], device='cuda:3', grad_fn=<SubBackward0>)
Contrastive Loss tensor(0., device='cuda:3', grad_fn=<DivBackward0>)
torch.Size([3327, 3327])
thresh 0.010534731
Epoch  9: train_loss: 7.9164 recon_acc: 0.0244 val_roc: 0.5323 val_ap: 0.5165 f1: 0.6677 time: 0.2698
difference_matrix tensor([[0.0000, 0.2751, 0.2749, 0.2746, 0.2758, 0.2741, 0.2763, 0.2746, 0.2751,
         0.2739],
        [0.2751, 0.0000, 0.2751, 0.2749, 0.2760, 0.2744, 0.2764, 0.2752, 0.2754,
         0.2742],
        [0.2749, 0.2751, 0.0000, 0.2747, 0.2759, 0.2740, 0.2763, 0.2749, 0.2753,
         0.2738],
        [0.2746, 0.2749, 0.2747, 0.0000, 0.2756, 0.2741, 0.2762, 0.2748, 0.2749,
         0.2736],
        [0.2758, 0.2760, 0.2759, 0.2756, 0.0000, 0.2751, 0.2775, 0.2757, 0.2760,
         0.2748],
        [0.2741, 0.2744, 0.2740, 0.2741, 0.2751, 0.0000, 0.2757, 0.2744, 0.2744,
         0.2733],
        [0.2763, 0.2764, 0.2763, 0.2762, 0.2775, 0.2757, 0.0000, 0.2766, 0.2771,
         0.2754],
        [0.2746, 0.2752, 0.2749, 0.2748, 0.2757, 0.2744, 0.2766, 0.0000, 0.2753,
         0.2742],
        [0.2751, 0.2754, 0.2753, 0.2749, 0.2760, 0.2744, 0.2771, 0.2753, 0.0000,
         0.2743],
        [0.2739, 0.2742, 0.2738, 0.2736, 0.2748, 0.2733, 0.2754, 0.2742, 0.2743,
         0.0000]], device='cuda:3', grad_fn=<SubBackward0>)
Contrastive Loss tensor(0., device='cuda:3', grad_fn=<DivBackward0>)
torch.Size([3327, 3327])
thresh 0.003039031
Epoch 10: train_loss: 7.4232 recon_acc: 0.0044 val_roc: 0.5317 val_ap: 0.5146 f1: 0.6686 time: 0.2518
difference_matrix tensor([[0.0000, 0.2511, 0.2509, 0.2507, 0.2519, 0.2502, 0.2524, 0.2507, 0.2512,
         0.2499],
        [0.2511, 0.0000, 0.2511, 0.2510, 0.2522, 0.2506, 0.2526, 0.2513, 0.2515,
         0.2503],
        [0.2509, 0.2511, 0.0000, 0.2507, 0.2520, 0.2501, 0.2524, 0.2510, 0.2513,
         0.2498],
        [0.2507, 0.2510, 0.2507, 0.0000, 0.2518, 0.2502, 0.2523, 0.2509, 0.2510,
         0.2497],
        [0.2519, 0.2522, 0.2520, 0.2518, 0.0000, 0.2513, 0.2537, 0.2519, 0.2522,
         0.2510],
        [0.2502, 0.2506, 0.2501, 0.2502, 0.2513, 0.0000, 0.2520, 0.2506, 0.2505,
         0.2495],
        [0.2524, 0.2526, 0.2524, 0.2523, 0.2537, 0.2520, 0.0000, 0.2528, 0.2532,
         0.2515],
        [0.2507, 0.2513, 0.2510, 0.2509, 0.2519, 0.2506, 0.2528, 0.0000, 0.2514,
         0.2503],
        [0.2512, 0.2515, 0.2513, 0.2510, 0.2522, 0.2505, 0.2532, 0.2514, 0.0000,
         0.2503],
        [0.2499, 0.2503, 0.2498, 0.2497, 0.2510, 0.2495, 0.2515, 0.2503, 0.2503,
         0.0000]], device='cuda:3', grad_fn=<SubBackward0>)
Contrastive Loss tensor(0., device='cuda:3', grad_fn=<DivBackward0>)
torch.Size([3327, 3327])
thresh 0.006067357
Epoch 11: train_loss: 7.0086 recon_acc: 0.0046 val_roc: 0.5317 val_ap: 0.5135 f1: 0.6686 time: 0.2463
difference_matrix tensor([[0.0000, 0.2253, 0.2249, 0.2248, 0.2262, 0.2245, 0.2266, 0.2249, 0.2253,
         0.2241],
        [0.2253, 0.0000, 0.2252, 0.2252, 0.2265, 0.2248, 0.2268, 0.2255, 0.2256,
         0.2245],
        [0.2249, 0.2252, 0.0000, 0.2247, 0.2262, 0.2243, 0.2265, 0.2251, 0.2254,
         0.2240],
        [0.2248, 0.2252, 0.2247, 0.0000, 0.2261, 0.2245, 0.2265, 0.2251, 0.2252,
         0.2239],
        [0.2262, 0.2265, 0.2262, 0.2261, 0.0000, 0.2257, 0.2280, 0.2262, 0.2265,
         0.2253],
        [0.2245, 0.2248, 0.2243, 0.2245, 0.2257, 0.0000, 0.2263, 0.2249, 0.2248,
         0.2238],
        [0.2266, 0.2268, 0.2265, 0.2265, 0.2280, 0.2263, 0.0000, 0.2270, 0.2274,
         0.2257],
        [0.2249, 0.2255, 0.2251, 0.2251, 0.2262, 0.2249, 0.2270, 0.0000, 0.2256,
         0.2245],
        [0.2253, 0.2256, 0.2254, 0.2252, 0.2265, 0.2248, 0.2274, 0.2256, 0.0000,
         0.2246],
        [0.2241, 0.2245, 0.2240, 0.2239, 0.2253, 0.2238, 0.2257, 0.2245, 0.2246,
         0.0000]], device='cuda:3', grad_fn=<SubBackward0>)
Contrastive Loss tensor(0., device='cuda:3', grad_fn=<DivBackward0>)
torch.Size([3327, 3327])
thresh 0.011520528
Epoch 12: train_loss: 6.6803 recon_acc: 0.0048 val_roc: 0.5315 val_ap: 0.5125 f1: 0.6686 time: 0.2513
difference_matrix tensor([[0.0000, 0.1983, 0.1979, 0.1978, 0.1993, 0.1976, 0.1996, 0.1980, 0.1984,
         0.1972],
        [0.1983, 0.0000, 0.1982, 0.1982, 0.1996, 0.1980, 0.1999, 0.1985, 0.1987,
         0.1976],
        [0.1979, 0.1982, 0.0000, 0.1978, 0.1993, 0.1975, 0.1995, 0.1981, 0.1985,
         0.1970],
        [0.1978, 0.1982, 0.1978, 0.0000, 0.1992, 0.1977, 0.1996, 0.1981, 0.1983,
         0.1970],
        [0.1993, 0.1996, 0.1993, 0.1992, 0.0000, 0.1990, 0.2011, 0.1994, 0.1997,
         0.1985],
        [0.1976, 0.1980, 0.1975, 0.1977, 0.1990, 0.0000, 0.1994, 0.1981, 0.1981,
         0.1970],
        [0.1996, 0.1999, 0.1995, 0.1996, 0.2011, 0.1994, 0.0000, 0.2000, 0.2004,
         0.1988],
        [0.1980, 0.1985, 0.1981, 0.1981, 0.1994, 0.1981, 0.2000, 0.0000, 0.1987,
         0.1976],
        [0.1984, 0.1987, 0.1985, 0.1983, 0.1997, 0.1981, 0.2004, 0.1987, 0.0000,
         0.1977],
        [0.1972, 0.1976, 0.1970, 0.1970, 0.1985, 0.1970, 0.1988, 0.1976, 0.1977,
         0.0000]], device='cuda:3', grad_fn=<SubBackward0>)
Contrastive Loss tensor(0., device='cuda:3', grad_fn=<DivBackward0>)
torch.Size([3327, 3327])
thresh 0.020744799
Epoch 13: train_loss: 6.4406 recon_acc: 0.0051 val_roc: 0.5323 val_ap: 0.5097 f1: 0.6686 time: 0.2339
difference_matrix tensor([[0.0000, 0.1717, 0.1713, 0.1712, 0.1726, 0.1710, 0.1729, 0.1714, 0.1718,
         0.1706],
        [0.1717, 0.0000, 0.1716, 0.1716, 0.1729, 0.1714, 0.1731, 0.1719, 0.1721,
         0.1710],
        [0.1713, 0.1716, 0.0000, 0.1711, 0.1726, 0.1709, 0.1728, 0.1715, 0.1719,
         0.1704],
        [0.1712, 0.1716, 0.1711, 0.0000, 0.1725, 0.1711, 0.1729, 0.1715, 0.1717,
         0.1704],
        [0.1726, 0.1729, 0.1726, 0.1725, 0.0000, 0.1723, 0.1743, 0.1727, 0.1730,
         0.1718],
        [0.1710, 0.1714, 0.1709, 0.1711, 0.1723, 0.0000, 0.1727, 0.1714, 0.1715,
         0.1704],
        [0.1729, 0.1731, 0.1728, 0.1729, 0.1743, 0.1727, 0.0000, 0.1733, 0.1737,
         0.1722],
        [0.1714, 0.1719, 0.1715, 0.1715, 0.1727, 0.1714, 0.1733, 0.0000, 0.1721,
         0.1710],
        [0.1718, 0.1721, 0.1719, 0.1717, 0.1730, 0.1715, 0.1737, 0.1721, 0.0000,
         0.1712],
        [0.1706, 0.1710, 0.1704, 0.1704, 0.1718, 0.1704, 0.1722, 0.1710, 0.1712,
         0.0000]], device='cuda:3', grad_fn=<SubBackward0>)
Contrastive Loss tensor(0., device='cuda:3', grad_fn=<DivBackward0>)
torch.Size([3327, 3327])
thresh 0.11439758
Epoch 14: train_loss: 6.2831 recon_acc: 0.0418 val_roc: 0.5326 val_ap: 0.5088 f1: 0.6697 time: 0.5889
difference_matrix tensor([[0.0000, 0.1467, 0.1463, 0.1462, 0.1475, 0.1461, 0.1478, 0.1464, 0.1468,
         0.1457],
        [0.1467, 0.0000, 0.1466, 0.1466, 0.1478, 0.1464, 0.1480, 0.1469, 0.1471,
         0.1460],
        [0.1463, 0.1466, 0.0000, 0.1462, 0.1475, 0.1460, 0.1477, 0.1465, 0.1469,
         0.1455],
        [0.1462, 0.1466, 0.1462, 0.0000, 0.1474, 0.1461, 0.1477, 0.1465, 0.1467,
         0.1455],
        [0.1475, 0.1478, 0.1475, 0.1474, 0.0000, 0.1472, 0.1490, 0.1476, 0.1479,
         0.1468],
        [0.1461, 0.1464, 0.1460, 0.1461, 0.1472, 0.0000, 0.1476, 0.1464, 0.1465,
         0.1455],
        [0.1478, 0.1480, 0.1477, 0.1477, 0.1490, 0.1476, 0.0000, 0.1482, 0.1485,
         0.1471],
        [0.1464, 0.1469, 0.1465, 0.1465, 0.1476, 0.1464, 0.1482, 0.0000, 0.1471,
         0.1460],
        [0.1468, 0.1471, 0.1469, 0.1467, 0.1479, 0.1465, 0.1485, 0.1471, 0.0000,
         0.1462],
        [0.1457, 0.1460, 0.1455, 0.1455, 0.1468, 0.1455, 0.1471, 0.1460, 0.1462,
         0.0000]], device='cuda:3', grad_fn=<SubBackward0>)
Contrastive Loss tensor(0.0031, device='cuda:3', grad_fn=<DivBackward0>)
torch.Size([3327, 3327])
thresh 0.14394103
Epoch 15: train_loss: 6.1994 recon_acc: 0.0419 val_roc: 0.5326 val_ap: 0.5073 f1: 0.6687 time: 0.6847
difference_matrix tensor([[0.0000, 0.1247, 0.1243, 0.1243, 0.1254, 0.1241, 0.1257, 0.1244, 0.1248,
         0.1237],
        [0.1247, 0.0000, 0.1246, 0.1246, 0.1257, 0.1245, 0.1259, 0.1249, 0.1251,
         0.1241],
        [0.1243, 0.1246, 0.0000, 0.1242, 0.1254, 0.1240, 0.1256, 0.1245, 0.1249,
         0.1236],
        [0.1243, 0.1246, 0.1242, 0.0000, 0.1253, 0.1241, 0.1256, 0.1245, 0.1247,
         0.1236],
        [0.1254, 0.1257, 0.1254, 0.1253, 0.0000, 0.1252, 0.1268, 0.1255, 0.1258,
         0.1248],
        [0.1241, 0.1245, 0.1240, 0.1241, 0.1252, 0.0000, 0.1255, 0.1245, 0.1246,
         0.1236],
        [0.1257, 0.1259, 0.1256, 0.1256, 0.1268, 0.1255, 0.0000, 0.1260, 0.1264,
         0.1250],
        [0.1244, 0.1249, 0.1245, 0.1245, 0.1255, 0.1245, 0.1260, 0.0000, 0.1251,
         0.1241],
        [0.1248, 0.1251, 0.1249, 0.1247, 0.1258, 0.1246, 0.1264, 0.1251, 0.0000,
         0.1243],
        [0.1237, 0.1241, 0.1236, 0.1236, 0.1248, 0.1236, 0.1250, 0.1241, 0.1243,
         0.0000]], device='cuda:3', grad_fn=<SubBackward0>)
Contrastive Loss tensor(0.0252, device='cuda:3', grad_fn=<DivBackward0>)
torch.Size([3327, 3327])
thresh 0.07792949
Epoch 16: train_loss: 6.1902 recon_acc: 0.0068 val_roc: 0.5312 val_ap: 0.5053 f1: 0.6686 time: 0.5908
difference_matrix tensor([[0.0000, 0.1063, 0.1060, 0.1059, 0.1069, 0.1058, 0.1072, 0.1061, 0.1064,
         0.1054],
        [0.1063, 0.0000, 0.1063, 0.1063, 0.1073, 0.1062, 0.1075, 0.1065, 0.1068,
         0.1058],
        [0.1060, 0.1063, 0.0000, 0.1059, 0.1070, 0.1058, 0.1071, 0.1062, 0.1065,
         0.1054],
        [0.1059, 0.1063, 0.1059, 0.0000, 0.1069, 0.1059, 0.1071, 0.1061, 0.1064,
         0.1053],
        [0.1069, 0.1073, 0.1070, 0.1069, 0.0000, 0.1068, 0.1082, 0.1070, 0.1073,
         0.1063],
        [0.1058, 0.1062, 0.1058, 0.1059, 0.1068, 0.0000, 0.1071, 0.1061, 0.1063,
         0.1054],
        [0.1072, 0.1075, 0.1071, 0.1071, 0.1082, 0.1071, 0.0000, 0.1074, 0.1078,
         0.1066],
        [0.1061, 0.1065, 0.1062, 0.1061, 0.1070, 0.1061, 0.1074, 0.0000, 0.1066,
         0.1057],
        [0.1064, 0.1068, 0.1065, 0.1064, 0.1073, 0.1063, 0.1078, 0.1066, 0.0000,
         0.1059],
        [0.1054, 0.1058, 0.1054, 0.1053, 0.1063, 0.1054, 0.1066, 0.1057, 0.1059,
         0.0000]], device='cuda:3', grad_fn=<SubBackward0>)
Contrastive Loss tensor(0.0435, device='cuda:3', grad_fn=<DivBackward0>)
torch.Size([3327, 3327])
thresh 0.16873673
Epoch 17: train_loss: 6.2148 recon_acc: 0.0267 val_roc: 0.5291 val_ap: 0.5036 f1: 0.6687 time: 0.6513
difference_matrix tensor([[0.0000, 0.0917, 0.0913, 0.0913, 0.0922, 0.0912, 0.0924, 0.0914, 0.0918,
         0.0908],
        [0.0917, 0.0000, 0.0917, 0.0917, 0.0926, 0.0916, 0.0927, 0.0919, 0.0921,
         0.0912],
        [0.0913, 0.0917, 0.0000, 0.0913, 0.0923, 0.0912, 0.0924, 0.0915, 0.0919,
         0.0908],
        [0.0913, 0.0917, 0.0913, 0.0000, 0.0922, 0.0913, 0.0924, 0.0915, 0.0918,
         0.0908],
        [0.0922, 0.0926, 0.0923, 0.0922, 0.0000, 0.0921, 0.0933, 0.0923, 0.0926,
         0.0917],
        [0.0912, 0.0916, 0.0912, 0.0913, 0.0921, 0.0000, 0.0924, 0.0915, 0.0917,
         0.0908],
        [0.0924, 0.0927, 0.0924, 0.0924, 0.0933, 0.0924, 0.0000, 0.0927, 0.0930,
         0.0919],
        [0.0914, 0.0919, 0.0915, 0.0915, 0.0923, 0.0915, 0.0927, 0.0000, 0.0920,
         0.0911],
        [0.0918, 0.0921, 0.0919, 0.0918, 0.0926, 0.0917, 0.0930, 0.0920, 0.0000,
         0.0913],
        [0.0908, 0.0912, 0.0908, 0.0908, 0.0917, 0.0908, 0.0919, 0.0911, 0.0913,
         0.0000]], device='cuda:3', grad_fn=<SubBackward0>)
Contrastive Loss tensor(0.0582, device='cuda:3', grad_fn=<DivBackward0>)
torch.Size([3327, 3327])
thresh 0.19466944
Epoch 18: train_loss: 6.2575 recon_acc: 0.0279 val_roc: 0.5270 val_ap: 0.5025 f1: 0.6687 time: 0.7123
difference_matrix tensor([[0.0000, 0.0806, 0.0803, 0.0802, 0.0810, 0.0801, 0.0812, 0.0803, 0.0806,
         0.0798],
        [0.0806, 0.0000, 0.0806, 0.0806, 0.0814, 0.0805, 0.0815, 0.0807, 0.0810,
         0.0801],
        [0.0803, 0.0806, 0.0000, 0.0802, 0.0811, 0.0801, 0.0812, 0.0804, 0.0807,
         0.0798],
        [0.0802, 0.0806, 0.0802, 0.0000, 0.0810, 0.0802, 0.0812, 0.0804, 0.0807,
         0.0797],
        [0.0810, 0.0814, 0.0811, 0.0810, 0.0000, 0.0809, 0.0820, 0.0811, 0.0814,
         0.0805],
        [0.0801, 0.0805, 0.0801, 0.0802, 0.0809, 0.0000, 0.0811, 0.0804, 0.0806,
         0.0797],
        [0.0812, 0.0815, 0.0812, 0.0812, 0.0820, 0.0811, 0.0000, 0.0814, 0.0817,
         0.0807],
        [0.0803, 0.0807, 0.0804, 0.0804, 0.0811, 0.0804, 0.0814, 0.0000, 0.0808,
         0.0800],
        [0.0806, 0.0810, 0.0807, 0.0807, 0.0814, 0.0806, 0.0817, 0.0808, 0.0000,
         0.0802],
        [0.0798, 0.0801, 0.0798, 0.0797, 0.0805, 0.0797, 0.0807, 0.0800, 0.0802,
         0.0000]], device='cuda:3', grad_fn=<SubBackward0>)
Contrastive Loss tensor(0.0693, device='cuda:3', grad_fn=<DivBackward0>)
torch.Size([3327, 3327])
thresh 0.21512221
Epoch 19: train_loss: 6.3045 recon_acc: 0.0285 val_roc: 0.5266 val_ap: 0.5011 f1: 0.6687 time: 0.5867
difference_matrix tensor([[0.0000, 0.0726, 0.0723, 0.0723, 0.0729, 0.0722, 0.0731, 0.0723, 0.0727,
         0.0718],
        [0.0726, 0.0000, 0.0726, 0.0726, 0.0733, 0.0726, 0.0734, 0.0727, 0.0730,
         0.0722],
        [0.0723, 0.0726, 0.0000, 0.0723, 0.0731, 0.0722, 0.0731, 0.0725, 0.0728,
         0.0718],
        [0.0723, 0.0726, 0.0723, 0.0000, 0.0730, 0.0723, 0.0732, 0.0724, 0.0727,
         0.0718],
        [0.0729, 0.0733, 0.0731, 0.0730, 0.0000, 0.0729, 0.0739, 0.0730, 0.0734,
         0.0725],
        [0.0722, 0.0726, 0.0722, 0.0723, 0.0729, 0.0000, 0.0731, 0.0724, 0.0726,
         0.0718],
        [0.0731, 0.0734, 0.0731, 0.0732, 0.0739, 0.0731, 0.0000, 0.0733, 0.0737,
         0.0727],
        [0.0723, 0.0727, 0.0725, 0.0724, 0.0730, 0.0724, 0.0733, 0.0000, 0.0728,
         0.0720],
        [0.0727, 0.0730, 0.0728, 0.0727, 0.0734, 0.0726, 0.0737, 0.0728, 0.0000,
         0.0723],
        [0.0718, 0.0722, 0.0718, 0.0718, 0.0725, 0.0718, 0.0727, 0.0720, 0.0723,
         0.0000]], device='cuda:3', grad_fn=<SubBackward0>)
Contrastive Loss tensor(0.0773, device='cuda:3', grad_fn=<DivBackward0>)
torch.Size([3327, 3327])
thresh 0.15606949
Epoch 20: train_loss: 6.3438 recon_acc: 0.0073 val_roc: 0.5259 val_ap: 0.4999 f1: 0.6696 time: 0.6556
difference_matrix tensor([[0.0000, 0.0673, 0.0671, 0.0670, 0.0676, 0.0669, 0.0678, 0.0671, 0.0674,
         0.0666],
        [0.0673, 0.0000, 0.0674, 0.0673, 0.0680, 0.0673, 0.0681, 0.0674, 0.0677,
         0.0669],
        [0.0671, 0.0674, 0.0000, 0.0671, 0.0678, 0.0670, 0.0678, 0.0672, 0.0675,
         0.0666],
        [0.0670, 0.0673, 0.0671, 0.0000, 0.0677, 0.0670, 0.0678, 0.0672, 0.0674,
         0.0665],
        [0.0676, 0.0680, 0.0678, 0.0677, 0.0000, 0.0676, 0.0684, 0.0677, 0.0680,
         0.0672],
        [0.0669, 0.0673, 0.0670, 0.0670, 0.0676, 0.0000, 0.0677, 0.0671, 0.0673,
         0.0665],
        [0.0678, 0.0681, 0.0678, 0.0678, 0.0684, 0.0677, 0.0000, 0.0680, 0.0683,
         0.0673],
        [0.0671, 0.0674, 0.0672, 0.0672, 0.0677, 0.0671, 0.0680, 0.0000, 0.0675,
         0.0667],
        [0.0674, 0.0677, 0.0675, 0.0674, 0.0680, 0.0673, 0.0683, 0.0675, 0.0000,
         0.0670],
        [0.0666, 0.0669, 0.0666, 0.0665, 0.0672, 0.0665, 0.0673, 0.0667, 0.0670,
         0.0000]], device='cuda:3', grad_fn=<SubBackward0>)
Contrastive Loss tensor(0.0826, device='cuda:3', grad_fn=<DivBackward0>)
torch.Size([3327, 3327])
thresh 0.16565727
Epoch 21: train_loss: 6.3697 recon_acc: 0.0072 val_roc: 0.5259 val_ap: 0.4992 f1: 0.6696 time: 0.8069
difference_matrix tensor([[0.0000, 0.0643, 0.0641, 0.0640, 0.0646, 0.0639, 0.0647, 0.0640, 0.0644,
         0.0636],
        [0.0643, 0.0000, 0.0644, 0.0644, 0.0649, 0.0642, 0.0650, 0.0644, 0.0647,
         0.0639],
        [0.0641, 0.0644, 0.0000, 0.0641, 0.0647, 0.0640, 0.0648, 0.0642, 0.0645,
         0.0636],
        [0.0640, 0.0644, 0.0641, 0.0000, 0.0646, 0.0640, 0.0648, 0.0642, 0.0644,
         0.0635],
        [0.0646, 0.0649, 0.0647, 0.0646, 0.0000, 0.0645, 0.0654, 0.0647, 0.0650,
         0.0641],
        [0.0639, 0.0642, 0.0640, 0.0640, 0.0645, 0.0000, 0.0647, 0.0641, 0.0643,
         0.0635],
        [0.0647, 0.0650, 0.0648, 0.0648, 0.0654, 0.0647, 0.0000, 0.0649, 0.0652,
         0.0643],
        [0.0640, 0.0644, 0.0642, 0.0642, 0.0647, 0.0641, 0.0649, 0.0000, 0.0645,
         0.0637],
        [0.0644, 0.0647, 0.0645, 0.0644, 0.0650, 0.0643, 0.0652, 0.0645, 0.0000,
         0.0640],
        [0.0636, 0.0639, 0.0636, 0.0635, 0.0641, 0.0635, 0.0643, 0.0637, 0.0640,
         0.0000]], device='cuda:3', grad_fn=<SubBackward0>)
Contrastive Loss tensor(0.0856, device='cuda:3', grad_fn=<DivBackward0>)
torch.Size([3327, 3327])
thresh 0.1701706
Epoch 22: train_loss: 6.3789 recon_acc: 0.0069 val_roc: 0.5253 val_ap: 0.4987 f1: 0.6696 time: 0.8026
difference_matrix tensor([[0.0000, 0.0633, 0.0631, 0.0630, 0.0635, 0.0629, 0.0637, 0.0630, 0.0634,
         0.0625],
        [0.0633, 0.0000, 0.0634, 0.0633, 0.0639, 0.0632, 0.0640, 0.0634, 0.0637,
         0.0628],
        [0.0631, 0.0634, 0.0000, 0.0631, 0.0637, 0.0630, 0.0638, 0.0632, 0.0635,
         0.0626],
        [0.0630, 0.0633, 0.0631, 0.0000, 0.0636, 0.0630, 0.0638, 0.0631, 0.0634,
         0.0625],
        [0.0635, 0.0639, 0.0637, 0.0636, 0.0000, 0.0635, 0.0643, 0.0636, 0.0639,
         0.0631],
        [0.0629, 0.0632, 0.0630, 0.0630, 0.0635, 0.0000, 0.0636, 0.0630, 0.0632,
         0.0624],
        [0.0637, 0.0640, 0.0638, 0.0638, 0.0643, 0.0636, 0.0000, 0.0638, 0.0642,
         0.0632],
        [0.0630, 0.0634, 0.0632, 0.0631, 0.0636, 0.0630, 0.0638, 0.0000, 0.0635,
         0.0627],
        [0.0634, 0.0637, 0.0635, 0.0634, 0.0639, 0.0632, 0.0642, 0.0635, 0.0000,
         0.0629],
        [0.0625, 0.0628, 0.0626, 0.0625, 0.0631, 0.0624, 0.0632, 0.0627, 0.0629,
         0.0000]], device='cuda:3', grad_fn=<SubBackward0>)
Contrastive Loss tensor(0.0867, device='cuda:3', grad_fn=<DivBackward0>)
torch.Size([3327, 3327])
thresh 0.17012599
Epoch 23: train_loss: 6.3705 recon_acc: 0.0066 val_roc: 0.5246 val_ap: 0.4980 f1: 0.6696 time: 0.7712
difference_matrix tensor([[0.0000, 0.0640, 0.0638, 0.0638, 0.0642, 0.0636, 0.0644, 0.0637, 0.0641,
         0.0632],
        [0.0640, 0.0000, 0.0641, 0.0641, 0.0646, 0.0639, 0.0647, 0.0641, 0.0644,
         0.0635],
        [0.0638, 0.0641, 0.0000, 0.0639, 0.0645, 0.0637, 0.0645, 0.0639, 0.0643,
         0.0633],
        [0.0638, 0.0641, 0.0639, 0.0000, 0.0644, 0.0637, 0.0645, 0.0639, 0.0642,
         0.0632],
        [0.0642, 0.0646, 0.0645, 0.0644, 0.0000, 0.0642, 0.0650, 0.0643, 0.0646,
         0.0638],
        [0.0636, 0.0639, 0.0637, 0.0637, 0.0642, 0.0000, 0.0643, 0.0637, 0.0640,
         0.0631],
        [0.0644, 0.0647, 0.0645, 0.0645, 0.0650, 0.0643, 0.0000, 0.0645, 0.0649,
         0.0639],
        [0.0637, 0.0641, 0.0639, 0.0639, 0.0643, 0.0637, 0.0645, 0.0000, 0.0642,
         0.0634],
        [0.0641, 0.0644, 0.0643, 0.0642, 0.0646, 0.0640, 0.0649, 0.0642, 0.0000,
         0.0636],
        [0.0632, 0.0635, 0.0633, 0.0632, 0.0638, 0.0631, 0.0639, 0.0634, 0.0636,
         0.0000]], device='cuda:3', grad_fn=<SubBackward0>)
Contrastive Loss tensor(0.0860, device='cuda:3', grad_fn=<DivBackward0>)
torch.Size([3327, 3327])
thresh 0.23982872
Epoch 24: train_loss: 6.3453 recon_acc: 0.0256 val_roc: 0.5242 val_ap: 0.4969 f1: 0.6706 time: 0.7948
difference_matrix tensor([[0.0000, 0.0664, 0.0662, 0.0661, 0.0666, 0.0659, 0.0668, 0.0661, 0.0665,
         0.0656],
        [0.0664, 0.0000, 0.0665, 0.0665, 0.0670, 0.0663, 0.0671, 0.0665, 0.0668,
         0.0659],
        [0.0662, 0.0665, 0.0000, 0.0663, 0.0669, 0.0661, 0.0669, 0.0663, 0.0667,
         0.0657],
        [0.0661, 0.0665, 0.0663, 0.0000, 0.0667, 0.0661, 0.0669, 0.0663, 0.0666,
         0.0656],
        [0.0666, 0.0670, 0.0669, 0.0667, 0.0000, 0.0665, 0.0674, 0.0667, 0.0670,
         0.0661],
        [0.0659, 0.0663, 0.0661, 0.0661, 0.0665, 0.0000, 0.0667, 0.0661, 0.0663,
         0.0654],
        [0.0668, 0.0671, 0.0669, 0.0669, 0.0674, 0.0667, 0.0000, 0.0669, 0.0673,
         0.0662],
        [0.0661, 0.0665, 0.0663, 0.0663, 0.0667, 0.0661, 0.0669, 0.0000, 0.0665,
         0.0657],
        [0.0665, 0.0668, 0.0667, 0.0666, 0.0670, 0.0663, 0.0673, 0.0665, 0.0000,
         0.0660],
        [0.0656, 0.0659, 0.0657, 0.0656, 0.0661, 0.0654, 0.0662, 0.0657, 0.0660,
         0.0000]], device='cuda:3', grad_fn=<SubBackward0>)
Contrastive Loss tensor(0.0836, device='cuda:3', grad_fn=<DivBackward0>)
torch.Size([3327, 3327])
thresh 0.24700809
Epoch 25: train_loss: 6.3054 recon_acc: 0.0321 val_roc: 0.4919 val_ap: 0.4789 f1: 0.6756 time: 0.7855
difference_matrix tensor([[0.0000, 0.0703, 0.0702, 0.0701, 0.0706, 0.0698, 0.0707, 0.0700, 0.0704,
         0.0694],
        [0.0703, 0.0000, 0.0705, 0.0704, 0.0709, 0.0702, 0.0710, 0.0704, 0.0707,
         0.0698],
        [0.0702, 0.0705, 0.0000, 0.0703, 0.0708, 0.0700, 0.0709, 0.0703, 0.0706,
         0.0696],
        [0.0701, 0.0704, 0.0703, 0.0000, 0.0707, 0.0700, 0.0708, 0.0702, 0.0705,
         0.0695],
        [0.0706, 0.0709, 0.0708, 0.0707, 0.0000, 0.0704, 0.0713, 0.0706, 0.0710,
         0.0700],
        [0.0698, 0.0702, 0.0700, 0.0700, 0.0704, 0.0000, 0.0706, 0.0700, 0.0702,
         0.0693],
        [0.0707, 0.0710, 0.0709, 0.0708, 0.0713, 0.0706, 0.0000, 0.0708, 0.0712,
         0.0701],
        [0.0700, 0.0704, 0.0703, 0.0702, 0.0706, 0.0700, 0.0708, 0.0000, 0.0705,
         0.0696],
        [0.0704, 0.0707, 0.0706, 0.0705, 0.0710, 0.0702, 0.0712, 0.0705, 0.0000,
         0.0698],
        [0.0694, 0.0698, 0.0696, 0.0695, 0.0700, 0.0693, 0.0701, 0.0696, 0.0698,
         0.0000]], device='cuda:3', grad_fn=<SubBackward0>)
Contrastive Loss tensor(0.0797, device='cuda:3', grad_fn=<DivBackward0>)
torch.Size([3327, 3327])
thresh 0.23968273
Epoch 26: train_loss: 6.2528 recon_acc: 0.0322 val_roc: 0.4936 val_ap: 0.4824 f1: 0.6756 time: 0.4075
difference_matrix tensor([[0.0000, 0.0758, 0.0757, 0.0756, 0.0760, 0.0752, 0.0762, 0.0754, 0.0759,
         0.0748],
        [0.0758, 0.0000, 0.0760, 0.0759, 0.0764, 0.0756, 0.0765, 0.0759, 0.0762,
         0.0751],
        [0.0757, 0.0760, 0.0000, 0.0758, 0.0763, 0.0754, 0.0764, 0.0757, 0.0761,
         0.0750],
        [0.0756, 0.0759, 0.0758, 0.0000, 0.0762, 0.0755, 0.0763, 0.0757, 0.0760,
         0.0749],
        [0.0760, 0.0764, 0.0763, 0.0762, 0.0000, 0.0759, 0.0768, 0.0761, 0.0764,
         0.0754],
        [0.0752, 0.0756, 0.0754, 0.0755, 0.0759, 0.0000, 0.0760, 0.0754, 0.0757,
         0.0746],
        [0.0762, 0.0765, 0.0764, 0.0763, 0.0768, 0.0760, 0.0000, 0.0763, 0.0767,
         0.0755],
        [0.0754, 0.0759, 0.0757, 0.0757, 0.0761, 0.0754, 0.0763, 0.0000, 0.0759,
         0.0749],
        [0.0759, 0.0762, 0.0761, 0.0760, 0.0764, 0.0757, 0.0767, 0.0759, 0.0000,
         0.0752],
        [0.0748, 0.0751, 0.0750, 0.0749, 0.0754, 0.0746, 0.0755, 0.0749, 0.0752,
         0.0000]], device='cuda:3', grad_fn=<SubBackward0>)
Contrastive Loss tensor(0.0742, device='cuda:3', grad_fn=<DivBackward0>)
torch.Size([3327, 3327])
thresh 0.21423316
Epoch 27: train_loss: 6.1905 recon_acc: 0.0243 val_roc: 0.5218 val_ap: 0.4948 f1: 0.6706 time: 0.4166
difference_matrix tensor([[0.0000, 0.0827, 0.0826, 0.0825, 0.0830, 0.0821, 0.0831, 0.0824, 0.0828,
         0.0817],
        [0.0827, 0.0000, 0.0830, 0.0829, 0.0834, 0.0825, 0.0835, 0.0828, 0.0832,
         0.0820],
        [0.0826, 0.0830, 0.0000, 0.0828, 0.0833, 0.0824, 0.0833, 0.0827, 0.0831,
         0.0819],
        [0.0825, 0.0829, 0.0828, 0.0000, 0.0832, 0.0824, 0.0833, 0.0826, 0.0830,
         0.0818],
        [0.0830, 0.0834, 0.0833, 0.0832, 0.0000, 0.0828, 0.0838, 0.0830, 0.0834,
         0.0823],
        [0.0821, 0.0825, 0.0824, 0.0824, 0.0828, 0.0000, 0.0829, 0.0823, 0.0826,
         0.0814],
        [0.0831, 0.0835, 0.0833, 0.0833, 0.0838, 0.0829, 0.0000, 0.0832, 0.0837,
         0.0824],
        [0.0824, 0.0828, 0.0827, 0.0826, 0.0830, 0.0823, 0.0832, 0.0000, 0.0829,
         0.0818],
        [0.0828, 0.0832, 0.0831, 0.0830, 0.0834, 0.0826, 0.0837, 0.0829, 0.0000,
         0.0821],
        [0.0817, 0.0820, 0.0819, 0.0818, 0.0823, 0.0814, 0.0824, 0.0818, 0.0821,
         0.0000]], device='cuda:3', grad_fn=<SubBackward0>)
Contrastive Loss tensor(0.0673, device='cuda:3', grad_fn=<DivBackward0>)
torch.Size([3327, 3327])
thresh 0.20369889
Epoch 28: train_loss: 6.1233 recon_acc: 0.0250 val_roc: 0.5210 val_ap: 0.4950 f1: 0.6706 time: 0.6449
difference_matrix tensor([[0.0000, 0.0911, 0.0910, 0.0908, 0.0913, 0.0904, 0.0915, 0.0906, 0.0911,
         0.0899],
        [0.0911, 0.0000, 0.0913, 0.0913, 0.0918, 0.0908, 0.0918, 0.0911, 0.0915,
         0.0903],
        [0.0910, 0.0913, 0.0000, 0.0911, 0.0917, 0.0907, 0.0917, 0.0910, 0.0915,
         0.0902],
        [0.0908, 0.0913, 0.0911, 0.0000, 0.0916, 0.0907, 0.0917, 0.0909, 0.0913,
         0.0900],
        [0.0913, 0.0918, 0.0917, 0.0916, 0.0000, 0.0911, 0.0922, 0.0913, 0.0918,
         0.0905],
        [0.0904, 0.0908, 0.0907, 0.0907, 0.0911, 0.0000, 0.0912, 0.0905, 0.0909,
         0.0896],
        [0.0915, 0.0918, 0.0917, 0.0917, 0.0922, 0.0912, 0.0000, 0.0916, 0.0921,
         0.0907],
        [0.0906, 0.0911, 0.0910, 0.0909, 0.0913, 0.0905, 0.0916, 0.0000, 0.0912,
         0.0900],
        [0.0911, 0.0915, 0.0915, 0.0913, 0.0918, 0.0909, 0.0921, 0.0912, 0.0000,
         0.0904],
        [0.0899, 0.0903, 0.0902, 0.0900, 0.0905, 0.0896, 0.0907, 0.0900, 0.0904,
         0.0000]], device='cuda:3', grad_fn=<SubBackward0>)
Contrastive Loss tensor(0.0590, device='cuda:3', grad_fn=<DivBackward0>)
torch.Size([3327, 3327])
thresh 0.19231239
Epoch 29: train_loss: 6.0550 recon_acc: 0.0261 val_roc: 0.5211 val_ap: 0.4958 f1: 0.6706 time: 0.3015
difference_matrix tensor([[0.0000, 0.1007, 0.1006, 0.1005, 0.1009, 0.1000, 0.1011, 0.1002, 0.1008,
         0.0994],
        [0.1007, 0.0000, 0.1010, 0.1009, 0.1014, 0.1004, 0.1015, 0.1008, 0.1011,
         0.0998],
        [0.1006, 0.1010, 0.0000, 0.1008, 0.1014, 0.1003, 0.1014, 0.1006, 0.1011,
         0.0997],
        [0.1005, 0.1009, 0.1008, 0.0000, 0.1012, 0.1003, 0.1013, 0.1005, 0.1009,
         0.0996],
        [0.1009, 0.1014, 0.1014, 0.1012, 0.0000, 0.1007, 0.1018, 0.1009, 0.1014,
         0.1001],
        [0.1000, 0.1004, 0.1003, 0.1003, 0.1007, 0.0000, 0.1008, 0.1001, 0.1004,
         0.0991],
        [0.1011, 0.1015, 0.1014, 0.1013, 0.1018, 0.1008, 0.0000, 0.1012, 0.1017,
         0.1002],
        [0.1002, 0.1008, 0.1006, 0.1005, 0.1009, 0.1001, 0.1012, 0.0000, 0.1008,
         0.0995],
        [0.1008, 0.1011, 0.1011, 0.1009, 0.1014, 0.1004, 0.1017, 0.1008, 0.0000,
         0.0999],
        [0.0994, 0.0998, 0.0997, 0.0996, 0.1001, 0.0991, 0.1002, 0.0995, 0.0999,
         0.0000]], device='cuda:3', grad_fn=<SubBackward0>)
Contrastive Loss tensor(0.0494, device='cuda:3', grad_fn=<DivBackward0>)
torch.Size([3327, 3327])
thresh 0.17911926
Epoch 30: train_loss: 5.9887 recon_acc: 0.0270 val_roc: 0.5209 val_ap: 0.4959 f1: 0.6706 time: 0.2536
difference_matrix tensor([[0.0000, 0.1114, 0.1113, 0.1111, 0.1116, 0.1106, 0.1118, 0.1109, 0.1114,
         0.1100],
        [0.1114, 0.0000, 0.1117, 0.1116, 0.1121, 0.1110, 0.1122, 0.1114, 0.1118,
         0.1104],
        [0.1113, 0.1117, 0.0000, 0.1115, 0.1121, 0.1109, 0.1121, 0.1113, 0.1118,
         0.1103],
        [0.1111, 0.1116, 0.1115, 0.0000, 0.1119, 0.1109, 0.1120, 0.1112, 0.1116,
         0.1101],
        [0.1116, 0.1121, 0.1121, 0.1119, 0.0000, 0.1113, 0.1126, 0.1116, 0.1121,
         0.1107],
        [0.1106, 0.1110, 0.1109, 0.1109, 0.1113, 0.0000, 0.1114, 0.1107, 0.1111,
         0.1097],
        [0.1118, 0.1122, 0.1121, 0.1120, 0.1126, 0.1114, 0.0000, 0.1119, 0.1124,
         0.1108],
        [0.1109, 0.1114, 0.1113, 0.1112, 0.1116, 0.1107, 0.1119, 0.0000, 0.1114,
         0.1101],
        [0.1114, 0.1118, 0.1118, 0.1116, 0.1121, 0.1111, 0.1124, 0.1114, 0.0000,
         0.1105],
        [0.1100, 0.1104, 0.1103, 0.1101, 0.1107, 0.1097, 0.1108, 0.1101, 0.1105,
         0.0000]], device='cuda:3', grad_fn=<SubBackward0>)
Contrastive Loss tensor(0.0387, device='cuda:3', grad_fn=<DivBackward0>)
torch.Size([3327, 3327])
thresh 0.16364703
