torch.Size([10, 2708, 2708])
difference_matrix tensor([[0.0000, 0.3826, 0.3823, 0.3821, 0.3826, 0.3822, 0.3835, 0.3825, 0.3818,
         0.3833],
        [0.3826, 0.0000, 0.3826, 0.3836, 0.3836, 0.3827, 0.3838, 0.3833, 0.3825,
         0.3839],
        [0.3823, 0.3826, 0.0000, 0.3828, 0.3826, 0.3824, 0.3837, 0.3831, 0.3821,
         0.3838],
        [0.3821, 0.3836, 0.3828, 0.0000, 0.3835, 0.3830, 0.3845, 0.3834, 0.3829,
         0.3841],
        [0.3826, 0.3836, 0.3826, 0.3835, 0.0000, 0.3829, 0.3845, 0.3834, 0.3826,
         0.3837],
        [0.3822, 0.3827, 0.3824, 0.3830, 0.3829, 0.0000, 0.3840, 0.3829, 0.3818,
         0.3833],
        [0.3835, 0.3838, 0.3837, 0.3845, 0.3845, 0.3840, 0.0000, 0.3844, 0.3830,
         0.3848],
        [0.3825, 0.3833, 0.3831, 0.3834, 0.3834, 0.3829, 0.3844, 0.0000, 0.3825,
         0.3842],
        [0.3818, 0.3825, 0.3821, 0.3829, 0.3826, 0.3818, 0.3830, 0.3825, 0.0000,
         0.3831],
        [0.3833, 0.3839, 0.3838, 0.3841, 0.3837, 0.3833, 0.3848, 0.3842, 0.3831,
         0.0000]], device='cuda:2', grad_fn=<SubBackward0>)
Contrastive Loss tensor(0., device='cuda:2', grad_fn=<DivBackward0>)
torch.Size([2708, 2708])
Epoch  1: train_loss: 12.9969 recon_acc: 0.0081 val_roc: 0.4840 val_ap: 0.5028 f1: 0.6675 time: 1.1365
          test_roc: 0.5019 test_ap: 0.5037 test_f1: 0.6679 test_recon_acc: 0.0027
torch.Size([10, 2708, 2708])
difference_matrix tensor([[0.0000, 0.3781, 0.3778, 0.3776, 0.3783, 0.3777, 0.3789, 0.3780, 0.3771,
         0.3789],
        [0.3781, 0.0000, 0.3782, 0.3792, 0.3793, 0.3783, 0.3794, 0.3789, 0.3780,
         0.3795],
        [0.3778, 0.3782, 0.0000, 0.3784, 0.3784, 0.3780, 0.3793, 0.3788, 0.3776,
         0.3795],
        [0.3776, 0.3792, 0.3784, 0.0000, 0.3792, 0.3785, 0.3800, 0.3790, 0.3784,
         0.3797],
        [0.3783, 0.3793, 0.3784, 0.3792, 0.0000, 0.3787, 0.3802, 0.3791, 0.3783,
         0.3796],
        [0.3777, 0.3783, 0.3780, 0.3785, 0.3787, 0.0000, 0.3795, 0.3785, 0.3773,
         0.3790],
        [0.3789, 0.3794, 0.3793, 0.3800, 0.3802, 0.3795, 0.0000, 0.3799, 0.3785,
         0.3804],
        [0.3780, 0.3789, 0.3788, 0.3790, 0.3791, 0.3785, 0.3799, 0.0000, 0.3780,
         0.3799],
        [0.3771, 0.3780, 0.3776, 0.3784, 0.3783, 0.3773, 0.3785, 0.3780, 0.0000,
         0.3786],
        [0.3789, 0.3795, 0.3795, 0.3797, 0.3796, 0.3790, 0.3804, 0.3799, 0.3786,
         0.0000]], device='cuda:2', grad_fn=<SubBackward0>)
Contrastive Loss tensor(0., device='cuda:2', grad_fn=<DivBackward0>)
torch.Size([2708, 2708])
Epoch  2: train_loss: 12.4805 recon_acc: 0.0079 val_roc: 0.4838 val_ap: 0.5014 f1: 0.6675 time: 0.1842
torch.Size([10, 2708, 2708])
difference_matrix tensor([[0.0000, 0.3726, 0.3724, 0.3721, 0.3729, 0.3722, 0.3734, 0.3725, 0.3715,
         0.3734],
        [0.3726, 0.0000, 0.3728, 0.3737, 0.3740, 0.3729, 0.3739, 0.3736, 0.3725,
         0.3742],
        [0.3724, 0.3728, 0.0000, 0.3730, 0.3731, 0.3726, 0.3739, 0.3734, 0.3721,
         0.3742],
        [0.3721, 0.3737, 0.3730, 0.0000, 0.3738, 0.3731, 0.3745, 0.3735, 0.3728,
         0.3743],
        [0.3729, 0.3740, 0.3731, 0.3738, 0.0000, 0.3733, 0.3748, 0.3738, 0.3729,
         0.3743],
        [0.3722, 0.3729, 0.3726, 0.3731, 0.3733, 0.0000, 0.3741, 0.3731, 0.3717,
         0.3736],
        [0.3734, 0.3739, 0.3739, 0.3745, 0.3748, 0.3741, 0.0000, 0.3745, 0.3729,
         0.3750],
        [0.3725, 0.3736, 0.3734, 0.3735, 0.3738, 0.3731, 0.3745, 0.0000, 0.3725,
         0.3746],
        [0.3715, 0.3725, 0.3721, 0.3728, 0.3729, 0.3717, 0.3729, 0.3725, 0.0000,
         0.3731],
        [0.3734, 0.3742, 0.3742, 0.3743, 0.3743, 0.3736, 0.3750, 0.3746, 0.3731,
         0.0000]], device='cuda:2', grad_fn=<SubBackward0>)
Contrastive Loss tensor(0., device='cuda:2', grad_fn=<DivBackward0>)
torch.Size([2708, 2708])
Epoch  3: train_loss: 11.9321 recon_acc: 0.0074 val_roc: 0.4835 val_ap: 0.4991 f1: 0.6675 time: 0.1720
torch.Size([10, 2708, 2708])
difference_matrix tensor([[0.0000, 0.3659, 0.3657, 0.3654, 0.3661, 0.3654, 0.3666, 0.3657, 0.3647,
         0.3667],
        [0.3659, 0.0000, 0.3662, 0.3670, 0.3673, 0.3662, 0.3672, 0.3669, 0.3658,
         0.3675],
        [0.3657, 0.3662, 0.0000, 0.3663, 0.3664, 0.3659, 0.3671, 0.3668, 0.3654,
         0.3675],
        [0.3654, 0.3670, 0.3663, 0.0000, 0.3671, 0.3664, 0.3677, 0.3668, 0.3660,
         0.3677],
        [0.3661, 0.3673, 0.3664, 0.3671, 0.0000, 0.3666, 0.3681, 0.3671, 0.3661,
         0.3677],
        [0.3654, 0.3662, 0.3659, 0.3664, 0.3666, 0.0000, 0.3673, 0.3664, 0.3650,
         0.3670],
        [0.3666, 0.3672, 0.3671, 0.3677, 0.3681, 0.3673, 0.0000, 0.3678, 0.3661,
         0.3684],
        [0.3657, 0.3669, 0.3668, 0.3668, 0.3671, 0.3664, 0.3678, 0.0000, 0.3658,
         0.3679],
        [0.3647, 0.3658, 0.3654, 0.3660, 0.3661, 0.3650, 0.3661, 0.3658, 0.0000,
         0.3664],
        [0.3667, 0.3675, 0.3675, 0.3677, 0.3677, 0.3670, 0.3684, 0.3679, 0.3664,
         0.0000]], device='cuda:2', grad_fn=<SubBackward0>)
Contrastive Loss tensor(0., device='cuda:2', grad_fn=<DivBackward0>)
torch.Size([2708, 2708])
Epoch  4: train_loss: 11.3363 recon_acc: 0.0029 val_roc: 0.4835 val_ap: 0.4975 f1: 0.6675 time: 0.1674
torch.Size([10, 2708, 2708])
difference_matrix tensor([[0.0000, 0.3577, 0.3576, 0.3572, 0.3579, 0.3573, 0.3584, 0.3576, 0.3565,
         0.3586],
        [0.3577, 0.0000, 0.3581, 0.3589, 0.3592, 0.3581, 0.3591, 0.3588, 0.3576,
         0.3594],
        [0.3576, 0.3581, 0.0000, 0.3582, 0.3583, 0.3578, 0.3590, 0.3587, 0.3572,
         0.3595],
        [0.3572, 0.3589, 0.3582, 0.0000, 0.3589, 0.3583, 0.3596, 0.3587, 0.3578,
         0.3596],
        [0.3579, 0.3592, 0.3583, 0.3589, 0.0000, 0.3585, 0.3599, 0.3590, 0.3578,
         0.3595],
        [0.3573, 0.3581, 0.3578, 0.3583, 0.3585, 0.0000, 0.3592, 0.3583, 0.3568,
         0.3589],
        [0.3584, 0.3591, 0.3590, 0.3596, 0.3599, 0.3592, 0.0000, 0.3597, 0.3579,
         0.3602],
        [0.3576, 0.3588, 0.3587, 0.3587, 0.3590, 0.3583, 0.3597, 0.0000, 0.3576,
         0.3599],
        [0.3565, 0.3576, 0.3572, 0.3578, 0.3578, 0.3568, 0.3579, 0.3576, 0.0000,
         0.3582],
        [0.3586, 0.3594, 0.3595, 0.3596, 0.3595, 0.3589, 0.3602, 0.3599, 0.3582,
         0.0000]], device='cuda:2', grad_fn=<SubBackward0>)
Contrastive Loss tensor(0., device='cuda:2', grad_fn=<DivBackward0>)
torch.Size([2708, 2708])
Epoch  5: train_loss: 10.7066 recon_acc: 0.0030 val_roc: 0.4838 val_ap: 0.4967 f1: 0.6675 time: 0.1830
torch.Size([10, 2708, 2708])
difference_matrix tensor([[0.0000, 0.3480, 0.3477, 0.3474, 0.3480, 0.3474, 0.3486, 0.3479, 0.3466,
         0.3488],
        [0.3480, 0.0000, 0.3482, 0.3490, 0.3493, 0.3483, 0.3493, 0.3491, 0.3477,
         0.3496],
        [0.3477, 0.3482, 0.0000, 0.3483, 0.3484, 0.3479, 0.3492, 0.3489, 0.3473,
         0.3497],
        [0.3474, 0.3490, 0.3483, 0.0000, 0.3489, 0.3484, 0.3497, 0.3490, 0.3478,
         0.3498],
        [0.3480, 0.3493, 0.3484, 0.3489, 0.0000, 0.3485, 0.3499, 0.3491, 0.3478,
         0.3496],
        [0.3474, 0.3483, 0.3479, 0.3484, 0.3485, 0.0000, 0.3494, 0.3486, 0.3469,
         0.3491],
        [0.3486, 0.3493, 0.3492, 0.3497, 0.3499, 0.3494, 0.0000, 0.3499, 0.3480,
         0.3505],
        [0.3479, 0.3491, 0.3489, 0.3490, 0.3491, 0.3486, 0.3499, 0.0000, 0.3478,
         0.3502],
        [0.3466, 0.3477, 0.3473, 0.3478, 0.3478, 0.3469, 0.3480, 0.3478, 0.0000,
         0.3484],
        [0.3488, 0.3496, 0.3497, 0.3498, 0.3496, 0.3491, 0.3505, 0.3502, 0.3484,
         0.0000]], device='cuda:2', grad_fn=<SubBackward0>)
Contrastive Loss tensor(0., device='cuda:2', grad_fn=<DivBackward0>)
torch.Size([2708, 2708])
Epoch  6: train_loss: 10.0608 recon_acc: 0.0032 val_roc: 0.4846 val_ap: 0.4965 f1: 0.6675 time: 0.1882
          test_roc: 0.5031 test_ap: 0.4974 test_f1: 0.6675 test_recon_acc: 0.0026
torch.Size([10, 2708, 2708])
difference_matrix tensor([[0.0000, 0.3363, 0.3359, 0.3357, 0.3361, 0.3356, 0.3368, 0.3362, 0.3348,
         0.3371],
        [0.3363, 0.0000, 0.3365, 0.3373, 0.3374, 0.3365, 0.3376, 0.3375, 0.3360,
         0.3380],
        [0.3359, 0.3365, 0.0000, 0.3365, 0.3364, 0.3360, 0.3374, 0.3372, 0.3354,
         0.3379],
        [0.3357, 0.3373, 0.3365, 0.0000, 0.3369, 0.3365, 0.3379, 0.3373, 0.3360,
         0.3380],
        [0.3361, 0.3374, 0.3364, 0.3369, 0.0000, 0.3364, 0.3380, 0.3373, 0.3359,
         0.3377],
        [0.3356, 0.3365, 0.3360, 0.3365, 0.3364, 0.0000, 0.3375, 0.3368, 0.3350,
         0.3373],
        [0.3368, 0.3376, 0.3374, 0.3379, 0.3380, 0.3375, 0.0000, 0.3382, 0.3363,
         0.3388],
        [0.3362, 0.3375, 0.3372, 0.3373, 0.3373, 0.3368, 0.3382, 0.0000, 0.3361,
         0.3385],
        [0.3348, 0.3360, 0.3354, 0.3360, 0.3359, 0.3350, 0.3363, 0.3361, 0.0000,
         0.3366],
        [0.3371, 0.3380, 0.3379, 0.3380, 0.3377, 0.3373, 0.3388, 0.3385, 0.3366,
         0.0000]], device='cuda:2', grad_fn=<SubBackward0>)
Contrastive Loss tensor(0., device='cuda:2', grad_fn=<DivBackward0>)
torch.Size([2708, 2708])
Epoch  7: train_loss: 9.4183 recon_acc: 0.0034 val_roc: 0.4852 val_ap: 0.4960 f1: 0.6675 time: 0.1889
          test_roc: 0.5030 test_ap: 0.4959 test_f1: 0.6675 test_recon_acc: 0.0026
torch.Size([10, 2708, 2708])
difference_matrix tensor([[0.0000, 0.3223, 0.3217, 0.3216, 0.3218, 0.3214, 0.3227, 0.3223, 0.3208,
         0.3230],
        [0.3223, 0.0000, 0.3225, 0.3234, 0.3232, 0.3225, 0.3236, 0.3236, 0.3221,
         0.3241],
        [0.3217, 0.3225, 0.0000, 0.3224, 0.3221, 0.3218, 0.3232, 0.3231, 0.3213,
         0.3238],
        [0.3216, 0.3234, 0.3224, 0.0000, 0.3227, 0.3223, 0.3238, 0.3233, 0.3220,
         0.3240],
        [0.3218, 0.3232, 0.3221, 0.3227, 0.0000, 0.3220, 0.3237, 0.3231, 0.3217,
         0.3235],
        [0.3214, 0.3225, 0.3218, 0.3223, 0.3220, 0.0000, 0.3233, 0.3227, 0.3209,
         0.3231],
        [0.3227, 0.3236, 0.3232, 0.3238, 0.3237, 0.3233, 0.0000, 0.3242, 0.3223,
         0.3247],
        [0.3223, 0.3236, 0.3231, 0.3233, 0.3231, 0.3227, 0.3242, 0.0000, 0.3221,
         0.3246],
        [0.3208, 0.3221, 0.3213, 0.3220, 0.3217, 0.3209, 0.3223, 0.3221, 0.0000,
         0.3226],
        [0.3230, 0.3241, 0.3238, 0.3240, 0.3235, 0.3231, 0.3247, 0.3246, 0.3226,
         0.0000]], device='cuda:2', grad_fn=<SubBackward0>)
Contrastive Loss tensor(0., device='cuda:2', grad_fn=<DivBackward0>)
torch.Size([2708, 2708])
Epoch  8: train_loss: 8.7994 recon_acc: 0.0036 val_roc: 0.4855 val_ap: 0.4948 f1: 0.6675 time: 0.1736
          test_roc: 0.5028 test_ap: 0.4942 test_f1: 0.6675 test_recon_acc: 0.0026
torch.Size([10, 2708, 2708])
difference_matrix tensor([[0.0000, 0.3057, 0.3049, 0.3048, 0.3049, 0.3045, 0.3060, 0.3055, 0.3041,
         0.3063],
        [0.3057, 0.0000, 0.3057, 0.3067, 0.3064, 0.3057, 0.3070, 0.3070, 0.3055,
         0.3075],
        [0.3049, 0.3057, 0.0000, 0.3055, 0.3051, 0.3048, 0.3064, 0.3063, 0.3045,
         0.3069],
        [0.3048, 0.3067, 0.3055, 0.0000, 0.3057, 0.3054, 0.3070, 0.3066, 0.3051,
         0.3072],
        [0.3049, 0.3064, 0.3051, 0.3057, 0.0000, 0.3050, 0.3068, 0.3062, 0.3048,
         0.3067],
        [0.3045, 0.3057, 0.3048, 0.3054, 0.3050, 0.0000, 0.3064, 0.3059, 0.3041,
         0.3063],
        [0.3060, 0.3070, 0.3064, 0.3070, 0.3068, 0.3064, 0.0000, 0.3075, 0.3056,
         0.3080],
        [0.3055, 0.3070, 0.3063, 0.3066, 0.3062, 0.3059, 0.3075, 0.0000, 0.3054,
         0.3078],
        [0.3041, 0.3055, 0.3045, 0.3051, 0.3048, 0.3041, 0.3056, 0.3054, 0.0000,
         0.3059],
        [0.3063, 0.3075, 0.3069, 0.3072, 0.3067, 0.3063, 0.3080, 0.3078, 0.3059,
         0.0000]], device='cuda:2', grad_fn=<SubBackward0>)
Contrastive Loss tensor(0., device='cuda:2', grad_fn=<DivBackward0>)
torch.Size([2708, 2708])
Epoch  9: train_loss: 8.2254 recon_acc: 0.0039 val_roc: 0.4867 val_ap: 0.4944 f1: 0.6675 time: 0.1954
          test_roc: 0.5029 test_ap: 0.4920 test_f1: 0.6675 test_recon_acc: 0.0027
torch.Size([10, 2708, 2708])
difference_matrix tensor([[0.0000, 0.2862, 0.2853, 0.2852, 0.2853, 0.2849, 0.2864, 0.2860, 0.2846,
         0.2868],
        [0.2862, 0.0000, 0.2863, 0.2871, 0.2869, 0.2862, 0.2876, 0.2876, 0.2861,
         0.2881],
        [0.2853, 0.2863, 0.0000, 0.2859, 0.2855, 0.2852, 0.2869, 0.2867, 0.2849,
         0.2874],
        [0.2852, 0.2871, 0.2859, 0.0000, 0.2860, 0.2857, 0.2875, 0.2870, 0.2855,
         0.2877],
        [0.2853, 0.2869, 0.2855, 0.2860, 0.0000, 0.2854, 0.2871, 0.2867, 0.2852,
         0.2871],
        [0.2849, 0.2862, 0.2852, 0.2857, 0.2854, 0.0000, 0.2868, 0.2864, 0.2845,
         0.2868],
        [0.2864, 0.2876, 0.2869, 0.2875, 0.2871, 0.2868, 0.0000, 0.2880, 0.2861,
         0.2886],
        [0.2860, 0.2876, 0.2867, 0.2870, 0.2867, 0.2864, 0.2880, 0.0000, 0.2859,
         0.2884],
        [0.2846, 0.2861, 0.2849, 0.2855, 0.2852, 0.2845, 0.2861, 0.2859, 0.0000,
         0.2864],
        [0.2868, 0.2881, 0.2874, 0.2877, 0.2871, 0.2868, 0.2886, 0.2884, 0.2864,
         0.0000]], device='cuda:2', grad_fn=<SubBackward0>)
Contrastive Loss tensor(0., device='cuda:2', grad_fn=<DivBackward0>)
torch.Size([2708, 2708])
Epoch 10: train_loss: 7.7108 recon_acc: 0.0040 val_roc: 0.4866 val_ap: 0.4946 f1: 0.6675 time: 0.1839
torch.Size([10, 2708, 2708])
difference_matrix tensor([[0.0000, 0.2641, 0.2632, 0.2631, 0.2632, 0.2628, 0.2643, 0.2640, 0.2625,
         0.2648],
        [0.2641, 0.0000, 0.2643, 0.2651, 0.2649, 0.2642, 0.2655, 0.2655, 0.2640,
         0.2662],
        [0.2632, 0.2643, 0.0000, 0.2638, 0.2635, 0.2632, 0.2648, 0.2647, 0.2629,
         0.2655],
        [0.2631, 0.2651, 0.2638, 0.0000, 0.2640, 0.2637, 0.2654, 0.2650, 0.2634,
         0.2657],
        [0.2632, 0.2649, 0.2635, 0.2640, 0.0000, 0.2634, 0.2651, 0.2647, 0.2631,
         0.2653],
        [0.2628, 0.2642, 0.2632, 0.2637, 0.2634, 0.0000, 0.2648, 0.2644, 0.2625,
         0.2649],
        [0.2643, 0.2655, 0.2648, 0.2654, 0.2651, 0.2648, 0.0000, 0.2660, 0.2640,
         0.2666],
        [0.2640, 0.2655, 0.2647, 0.2650, 0.2647, 0.2644, 0.2660, 0.0000, 0.2639,
         0.2665],
        [0.2625, 0.2640, 0.2629, 0.2634, 0.2631, 0.2625, 0.2640, 0.2639, 0.0000,
         0.2645],
        [0.2648, 0.2662, 0.2655, 0.2657, 0.2653, 0.2649, 0.2666, 0.2665, 0.2645,
         0.0000]], device='cuda:2', grad_fn=<SubBackward0>)
Contrastive Loss tensor(0., device='cuda:2', grad_fn=<DivBackward0>)
torch.Size([2708, 2708])
Epoch 11: train_loss: 7.2651 recon_acc: 0.0195 val_roc: 0.5028 val_ap: 0.4871 f1: 0.6675 time: 0.1807
          test_roc: 0.4925 test_ap: 0.4933 test_f1: 0.6667 test_recon_acc: 0.0012
torch.Size([10, 2708, 2708])
difference_matrix tensor([[0.0000, 0.2399, 0.2390, 0.2389, 0.2391, 0.2386, 0.2401, 0.2398, 0.2382,
         0.2407],
        [0.2399, 0.0000, 0.2401, 0.2408, 0.2408, 0.2400, 0.2413, 0.2414, 0.2398,
         0.2421],
        [0.2390, 0.2401, 0.0000, 0.2397, 0.2395, 0.2391, 0.2406, 0.2406, 0.2387,
         0.2414],
        [0.2389, 0.2408, 0.2397, 0.0000, 0.2399, 0.2395, 0.2411, 0.2408, 0.2392,
         0.2417],
        [0.2391, 0.2408, 0.2395, 0.2399, 0.0000, 0.2393, 0.2409, 0.2407, 0.2390,
         0.2413],
        [0.2386, 0.2400, 0.2391, 0.2395, 0.2393, 0.0000, 0.2406, 0.2403, 0.2383,
         0.2409],
        [0.2401, 0.2413, 0.2406, 0.2411, 0.2409, 0.2406, 0.0000, 0.2418, 0.2398,
         0.2425],
        [0.2398, 0.2414, 0.2406, 0.2408, 0.2407, 0.2403, 0.2418, 0.0000, 0.2398,
         0.2424],
        [0.2382, 0.2398, 0.2387, 0.2392, 0.2390, 0.2383, 0.2398, 0.2398, 0.0000,
         0.2404],
        [0.2407, 0.2421, 0.2414, 0.2417, 0.2413, 0.2409, 0.2425, 0.2424, 0.2404,
         0.0000]], device='cuda:2', grad_fn=<SubBackward0>)
Contrastive Loss tensor(0., device='cuda:2', grad_fn=<DivBackward0>)
torch.Size([2708, 2708])
Epoch 12: train_loss: 6.8969 recon_acc: 0.0309 val_roc: 0.5023 val_ap: 0.4863 f1: 0.6675 time: 0.1742
torch.Size([10, 2708, 2708])
difference_matrix tensor([[0.0000, 0.2141, 0.2133, 0.2132, 0.2134, 0.2129, 0.2143, 0.2141, 0.2125,
         0.2150],
        [0.2141, 0.0000, 0.2145, 0.2151, 0.2152, 0.2144, 0.2156, 0.2157, 0.2141,
         0.2165],
        [0.2133, 0.2145, 0.0000, 0.2141, 0.2140, 0.2135, 0.2150, 0.2150, 0.2131,
         0.2159],
        [0.2132, 0.2151, 0.2141, 0.0000, 0.2143, 0.2139, 0.2154, 0.2151, 0.2135,
         0.2161],
        [0.2134, 0.2152, 0.2140, 0.2143, 0.0000, 0.2138, 0.2153, 0.2151, 0.2134,
         0.2159],
        [0.2129, 0.2144, 0.2135, 0.2139, 0.2138, 0.0000, 0.2149, 0.2147, 0.2127,
         0.2154],
        [0.2143, 0.2156, 0.2150, 0.2154, 0.2153, 0.2149, 0.0000, 0.2161, 0.2141,
         0.2169],
        [0.2141, 0.2157, 0.2150, 0.2151, 0.2151, 0.2147, 0.2161, 0.0000, 0.2141,
         0.2169],
        [0.2125, 0.2141, 0.2131, 0.2135, 0.2134, 0.2127, 0.2141, 0.2141, 0.0000,
         0.2149],
        [0.2150, 0.2165, 0.2159, 0.2161, 0.2159, 0.2154, 0.2169, 0.2169, 0.2149,
         0.0000]], device='cuda:2', grad_fn=<SubBackward0>)
Contrastive Loss tensor(0., device='cuda:2', grad_fn=<DivBackward0>)
torch.Size([2708, 2708])
Epoch 13: train_loss: 6.6100 recon_acc: 0.0305 val_roc: 0.5014 val_ap: 0.4844 f1: 0.6675 time: 0.1796
torch.Size([10, 2708, 2708])
difference_matrix tensor([[0.0000, 0.1879, 0.1871, 0.1870, 0.1873, 0.1868, 0.1880, 0.1879, 0.1863,
         0.1888],
        [0.1879, 0.0000, 0.1883, 0.1889, 0.1890, 0.1882, 0.1893, 0.1895, 0.1879,
         0.1903],
        [0.1871, 0.1883, 0.0000, 0.1879, 0.1879, 0.1874, 0.1887, 0.1888, 0.1869,
         0.1897],
        [0.1870, 0.1889, 0.1879, 0.0000, 0.1882, 0.1877, 0.1891, 0.1890, 0.1873,
         0.1899],
        [0.1873, 0.1890, 0.1879, 0.1882, 0.0000, 0.1877, 0.1890, 0.1890, 0.1873,
         0.1897],
        [0.1868, 0.1882, 0.1874, 0.1877, 0.1877, 0.0000, 0.1886, 0.1886, 0.1866,
         0.1892],
        [0.1880, 0.1893, 0.1887, 0.1891, 0.1890, 0.1886, 0.0000, 0.1898, 0.1878,
         0.1906],
        [0.1879, 0.1895, 0.1888, 0.1890, 0.1890, 0.1886, 0.1898, 0.0000, 0.1880,
         0.1907],
        [0.1863, 0.1879, 0.1869, 0.1873, 0.1873, 0.1866, 0.1878, 0.1880, 0.0000,
         0.1887],
        [0.1888, 0.1903, 0.1897, 0.1899, 0.1897, 0.1892, 0.1906, 0.1907, 0.1887,
         0.0000]], device='cuda:2', grad_fn=<SubBackward0>)
Contrastive Loss tensor(0., device='cuda:2', grad_fn=<DivBackward0>)
torch.Size([2708, 2708])
Epoch 14: train_loss: 6.4032 recon_acc: 0.0292 val_roc: 0.5007 val_ap: 0.4830 f1: 0.6675 time: 0.1697
torch.Size([10, 2708, 2708])
difference_matrix tensor([[0.0000, 0.1625, 0.1617, 0.1617, 0.1619, 0.1614, 0.1625, 0.1625, 0.1609,
         0.1634],
        [0.1625, 0.0000, 0.1629, 0.1634, 0.1635, 0.1628, 0.1638, 0.1640, 0.1625,
         0.1648],
        [0.1617, 0.1629, 0.0000, 0.1625, 0.1625, 0.1621, 0.1632, 0.1634, 0.1616,
         0.1642],
        [0.1617, 0.1634, 0.1625, 0.0000, 0.1627, 0.1623, 0.1635, 0.1635, 0.1619,
         0.1644],
        [0.1619, 0.1635, 0.1625, 0.1627, 0.0000, 0.1623, 0.1635, 0.1635, 0.1619,
         0.1643],
        [0.1614, 0.1628, 0.1621, 0.1623, 0.1623, 0.0000, 0.1631, 0.1632, 0.1613,
         0.1638],
        [0.1625, 0.1638, 0.1632, 0.1635, 0.1635, 0.1631, 0.0000, 0.1642, 0.1624,
         0.1650],
        [0.1625, 0.1640, 0.1634, 0.1635, 0.1635, 0.1632, 0.1642, 0.0000, 0.1626,
         0.1651],
        [0.1609, 0.1625, 0.1616, 0.1619, 0.1619, 0.1613, 0.1624, 0.1626, 0.0000,
         0.1633],
        [0.1634, 0.1648, 0.1642, 0.1644, 0.1643, 0.1638, 0.1650, 0.1651, 0.1633,
         0.0000]], device='cuda:2', grad_fn=<SubBackward0>)
Contrastive Loss tensor(0., device='cuda:2', grad_fn=<DivBackward0>)
torch.Size([2708, 2708])
Epoch 15: train_loss: 6.2679 recon_acc: 0.0150 val_roc: 0.4997 val_ap: 0.4812 f1: 0.6684 time: 0.1708
torch.Size([10, 2708, 2708])
difference_matrix tensor([[0.0000, 0.1390, 0.1383, 0.1382, 0.1385, 0.1380, 0.1390, 0.1391, 0.1376,
         0.1398],
        [0.1390, 0.0000, 0.1394, 0.1398, 0.1399, 0.1393, 0.1401, 0.1404, 0.1389,
         0.1411],
        [0.1383, 0.1394, 0.0000, 0.1390, 0.1390, 0.1386, 0.1396, 0.1398, 0.1381,
         0.1406],
        [0.1382, 0.1398, 0.1390, 0.0000, 0.1391, 0.1388, 0.1398, 0.1399, 0.1384,
         0.1407],
        [0.1385, 0.1399, 0.1390, 0.1391, 0.0000, 0.1388, 0.1398, 0.1399, 0.1384,
         0.1406],
        [0.1380, 0.1393, 0.1386, 0.1388, 0.1388, 0.0000, 0.1395, 0.1396, 0.1379,
         0.1402],
        [0.1390, 0.1401, 0.1396, 0.1398, 0.1398, 0.1395, 0.0000, 0.1406, 0.1388,
         0.1412],
        [0.1391, 0.1404, 0.1398, 0.1399, 0.1399, 0.1396, 0.1406, 0.0000, 0.1391,
         0.1414],
        [0.1376, 0.1389, 0.1381, 0.1384, 0.1384, 0.1379, 0.1388, 0.1391, 0.0000,
         0.1397],
        [0.1398, 0.1411, 0.1406, 0.1407, 0.1406, 0.1402, 0.1412, 0.1414, 0.1397,
         0.0000]], device='cuda:2', grad_fn=<SubBackward0>)
Contrastive Loss tensor(0.0106, device='cuda:2', grad_fn=<DivBackward0>)
torch.Size([2708, 2708])
Epoch 16: train_loss: 6.2038 recon_acc: 0.0184 val_roc: 0.4998 val_ap: 0.4803 f1: 0.6692 time: 0.1881
torch.Size([10, 2708, 2708])
difference_matrix tensor([[0.0000, 0.1185, 0.1179, 0.1178, 0.1180, 0.1176, 0.1185, 0.1186, 0.1172,
         0.1192],
        [0.1185, 0.0000, 0.1188, 0.1191, 0.1192, 0.1187, 0.1195, 0.1197, 0.1184,
         0.1203],
        [0.1179, 0.1188, 0.0000, 0.1184, 0.1184, 0.1181, 0.1190, 0.1192, 0.1177,
         0.1199],
        [0.1178, 0.1191, 0.1184, 0.0000, 0.1185, 0.1182, 0.1192, 0.1193, 0.1179,
         0.1199],
        [0.1180, 0.1192, 0.1184, 0.1185, 0.0000, 0.1183, 0.1192, 0.1193, 0.1179,
         0.1199],
        [0.1176, 0.1187, 0.1181, 0.1182, 0.1183, 0.0000, 0.1189, 0.1190, 0.1175,
         0.1195],
        [0.1185, 0.1195, 0.1190, 0.1192, 0.1192, 0.1189, 0.0000, 0.1199, 0.1183,
         0.1205],
        [0.1186, 0.1197, 0.1192, 0.1193, 0.1193, 0.1190, 0.1199, 0.0000, 0.1186,
         0.1207],
        [0.1172, 0.1184, 0.1177, 0.1179, 0.1179, 0.1175, 0.1183, 0.1186, 0.0000,
         0.1191],
        [0.1192, 0.1203, 0.1199, 0.1199, 0.1199, 0.1195, 0.1205, 0.1207, 0.1191,
         0.0000]], device='cuda:2', grad_fn=<SubBackward0>)
Contrastive Loss tensor(0.0312, device='cuda:2', grad_fn=<DivBackward0>)
torch.Size([2708, 2708])
Epoch 17: train_loss: 6.1973 recon_acc: 0.0175 val_roc: 0.5010 val_ap: 0.4806 f1: 0.6692 time: 0.1722
torch.Size([10, 2708, 2708])
difference_matrix tensor([[0.0000, 0.1013, 0.1007, 0.1007, 0.1009, 0.1005, 0.1013, 0.1014, 0.1002,
         0.1020],
        [0.1013, 0.0000, 0.1015, 0.1018, 0.1019, 0.1014, 0.1021, 0.1024, 0.1012,
         0.1029],
        [0.1007, 0.1015, 0.0000, 0.1012, 0.1012, 0.1009, 0.1017, 0.1019, 0.1006,
         0.1025],
        [0.1007, 0.1018, 0.1012, 0.0000, 0.1014, 0.1011, 0.1019, 0.1020, 0.1008,
         0.1026],
        [0.1009, 0.1019, 0.1012, 0.1014, 0.0000, 0.1011, 0.1019, 0.1020, 0.1008,
         0.1026],
        [0.1005, 0.1014, 0.1009, 0.1011, 0.1011, 0.0000, 0.1016, 0.1018, 0.1004,
         0.1022],
        [0.1013, 0.1021, 0.1017, 0.1019, 0.1019, 0.1016, 0.0000, 0.1025, 0.1012,
         0.1031],
        [0.1014, 0.1024, 0.1019, 0.1020, 0.1020, 0.1018, 0.1025, 0.0000, 0.1014,
         0.1032],
        [0.1002, 0.1012, 0.1006, 0.1008, 0.1008, 0.1004, 0.1012, 0.1014, 0.0000,
         0.1019],
        [0.1020, 0.1029, 0.1025, 0.1026, 0.1026, 0.1022, 0.1031, 0.1032, 0.1019,
         0.0000]], device='cuda:2', grad_fn=<SubBackward0>)
Contrastive Loss tensor(0.0484, device='cuda:2', grad_fn=<DivBackward0>)
torch.Size([2708, 2708])
Epoch 18: train_loss: 6.2206 recon_acc: 0.0172 val_roc: 0.5008 val_ap: 0.4809 f1: 0.6692 time: 0.1679
torch.Size([10, 2708, 2708])
difference_matrix tensor([[0.0000, 0.0874, 0.0870, 0.0869, 0.0871, 0.0868, 0.0875, 0.0876, 0.0866,
         0.0881],
        [0.0874, 0.0000, 0.0877, 0.0880, 0.0880, 0.0876, 0.0882, 0.0884, 0.0874,
         0.0889],
        [0.0870, 0.0877, 0.0000, 0.0874, 0.0874, 0.0871, 0.0879, 0.0880, 0.0869,
         0.0886],
        [0.0869, 0.0880, 0.0874, 0.0000, 0.0876, 0.0873, 0.0881, 0.0881, 0.0871,
         0.0887],
        [0.0871, 0.0880, 0.0874, 0.0876, 0.0000, 0.0873, 0.0881, 0.0882, 0.0871,
         0.0886],
        [0.0868, 0.0876, 0.0871, 0.0873, 0.0873, 0.0000, 0.0878, 0.0879, 0.0867,
         0.0883],
        [0.0875, 0.0882, 0.0879, 0.0881, 0.0881, 0.0878, 0.0000, 0.0886, 0.0875,
         0.0891],
        [0.0876, 0.0884, 0.0880, 0.0881, 0.0882, 0.0879, 0.0886, 0.0000, 0.0876,
         0.0892],
        [0.0866, 0.0874, 0.0869, 0.0871, 0.0871, 0.0867, 0.0875, 0.0876, 0.0000,
         0.0880],
        [0.0881, 0.0889, 0.0886, 0.0887, 0.0886, 0.0883, 0.0891, 0.0892, 0.0880,
         0.0000]], device='cuda:2', grad_fn=<SubBackward0>)
Contrastive Loss tensor(0.0622, device='cuda:2', grad_fn=<DivBackward0>)
torch.Size([2708, 2708])
Epoch 19: train_loss: 6.2597 recon_acc: 0.0444 val_roc: 0.4935 val_ap: 0.4848 f1: 0.6684 time: 0.1638
torch.Size([10, 2708, 2708])
difference_matrix tensor([[0.0000, 0.0768, 0.0764, 0.0764, 0.0766, 0.0763, 0.0770, 0.0770, 0.0761,
         0.0775],
        [0.0768, 0.0000, 0.0770, 0.0773, 0.0774, 0.0769, 0.0776, 0.0777, 0.0768,
         0.0782],
        [0.0764, 0.0770, 0.0000, 0.0768, 0.0768, 0.0765, 0.0772, 0.0773, 0.0763,
         0.0778],
        [0.0764, 0.0773, 0.0768, 0.0000, 0.0770, 0.0767, 0.0774, 0.0775, 0.0765,
         0.0779],
        [0.0766, 0.0774, 0.0768, 0.0770, 0.0000, 0.0767, 0.0774, 0.0775, 0.0766,
         0.0779],
        [0.0763, 0.0769, 0.0765, 0.0767, 0.0767, 0.0000, 0.0772, 0.0772, 0.0762,
         0.0776],
        [0.0770, 0.0776, 0.0772, 0.0774, 0.0774, 0.0772, 0.0000, 0.0779, 0.0769,
         0.0783],
        [0.0770, 0.0777, 0.0773, 0.0775, 0.0775, 0.0772, 0.0779, 0.0000, 0.0770,
         0.0785],
        [0.0761, 0.0768, 0.0763, 0.0765, 0.0766, 0.0762, 0.0769, 0.0770, 0.0000,
         0.0774],
        [0.0775, 0.0782, 0.0778, 0.0779, 0.0779, 0.0776, 0.0783, 0.0785, 0.0774,
         0.0000]], device='cuda:2', grad_fn=<SubBackward0>)
Contrastive Loss tensor(0.0729, device='cuda:2', grad_fn=<DivBackward0>)
torch.Size([2708, 2708])
Epoch 20: train_loss: 6.3024 recon_acc: 0.0436 val_roc: 0.4954 val_ap: 0.4859 f1: 0.6693 time: 0.1917
torch.Size([10, 2708, 2708])
difference_matrix tensor([[0.0000, 0.0690, 0.0686, 0.0687, 0.0688, 0.0685, 0.0692, 0.0692, 0.0683,
         0.0696],
        [0.0690, 0.0000, 0.0692, 0.0694, 0.0695, 0.0691, 0.0697, 0.0698, 0.0690,
         0.0702],
        [0.0686, 0.0692, 0.0000, 0.0690, 0.0690, 0.0687, 0.0694, 0.0695, 0.0685,
         0.0699],
        [0.0687, 0.0694, 0.0690, 0.0000, 0.0692, 0.0689, 0.0696, 0.0696, 0.0688,
         0.0700],
        [0.0688, 0.0695, 0.0690, 0.0692, 0.0000, 0.0689, 0.0696, 0.0696, 0.0688,
         0.0700],
        [0.0685, 0.0691, 0.0687, 0.0689, 0.0689, 0.0000, 0.0693, 0.0694, 0.0684,
         0.0697],
        [0.0692, 0.0697, 0.0694, 0.0696, 0.0696, 0.0693, 0.0000, 0.0700, 0.0691,
         0.0704],
        [0.0692, 0.0698, 0.0695, 0.0696, 0.0696, 0.0694, 0.0700, 0.0000, 0.0692,
         0.0705],
        [0.0683, 0.0690, 0.0685, 0.0688, 0.0688, 0.0684, 0.0691, 0.0692, 0.0000,
         0.0695],
        [0.0696, 0.0702, 0.0699, 0.0700, 0.0700, 0.0697, 0.0704, 0.0705, 0.0695,
         0.0000]], device='cuda:2', grad_fn=<SubBackward0>)
Contrastive Loss tensor(0.0807, device='cuda:2', grad_fn=<DivBackward0>)
torch.Size([2708, 2708])
Epoch 21: train_loss: 6.3399 recon_acc: 0.0412 val_roc: 0.4981 val_ap: 0.4872 f1: 0.6675 time: 0.1757
torch.Size([10, 2708, 2708])
difference_matrix tensor([[0.0000, 0.0636, 0.0632, 0.0633, 0.0634, 0.0631, 0.0637, 0.0637, 0.0630,
         0.0641],
        [0.0636, 0.0000, 0.0637, 0.0640, 0.0640, 0.0636, 0.0642, 0.0643, 0.0636,
         0.0647],
        [0.0632, 0.0637, 0.0000, 0.0635, 0.0636, 0.0632, 0.0639, 0.0640, 0.0631,
         0.0644],
        [0.0633, 0.0640, 0.0635, 0.0000, 0.0637, 0.0635, 0.0641, 0.0641, 0.0633,
         0.0645],
        [0.0634, 0.0640, 0.0636, 0.0637, 0.0000, 0.0635, 0.0641, 0.0642, 0.0634,
         0.0645],
        [0.0631, 0.0636, 0.0632, 0.0635, 0.0635, 0.0000, 0.0638, 0.0639, 0.0630,
         0.0642],
        [0.0637, 0.0642, 0.0639, 0.0641, 0.0641, 0.0638, 0.0000, 0.0645, 0.0636,
         0.0649],
        [0.0637, 0.0643, 0.0640, 0.0641, 0.0642, 0.0639, 0.0645, 0.0000, 0.0637,
         0.0649],
        [0.0630, 0.0636, 0.0631, 0.0633, 0.0634, 0.0630, 0.0636, 0.0637, 0.0000,
         0.0640],
        [0.0641, 0.0647, 0.0644, 0.0645, 0.0645, 0.0642, 0.0649, 0.0649, 0.0640,
         0.0000]], device='cuda:2', grad_fn=<SubBackward0>)
Contrastive Loss tensor(0.0862, device='cuda:2', grad_fn=<DivBackward0>)
torch.Size([2708, 2708])
Epoch 22: train_loss: 6.3669 recon_acc: 0.0407 val_roc: 0.4979 val_ap: 0.4865 f1: 0.6667 time: 0.1903
torch.Size([10, 2708, 2708])
difference_matrix tensor([[0.0000, 0.0601, 0.0597, 0.0598, 0.0600, 0.0596, 0.0603, 0.0603, 0.0595,
         0.0606],
        [0.0601, 0.0000, 0.0602, 0.0605, 0.0605, 0.0601, 0.0607, 0.0608, 0.0601,
         0.0611],
        [0.0597, 0.0602, 0.0000, 0.0601, 0.0601, 0.0598, 0.0604, 0.0605, 0.0596,
         0.0608],
        [0.0598, 0.0605, 0.0601, 0.0000, 0.0603, 0.0600, 0.0606, 0.0607, 0.0599,
         0.0610],
        [0.0600, 0.0605, 0.0601, 0.0603, 0.0000, 0.0600, 0.0607, 0.0607, 0.0599,
         0.0610],
        [0.0596, 0.0601, 0.0598, 0.0600, 0.0600, 0.0000, 0.0604, 0.0604, 0.0596,
         0.0607],
        [0.0603, 0.0607, 0.0604, 0.0606, 0.0607, 0.0604, 0.0000, 0.0610, 0.0602,
         0.0613],
        [0.0603, 0.0608, 0.0605, 0.0607, 0.0607, 0.0604, 0.0610, 0.0000, 0.0603,
         0.0614],
        [0.0595, 0.0601, 0.0596, 0.0599, 0.0599, 0.0596, 0.0602, 0.0603, 0.0000,
         0.0605],
        [0.0606, 0.0611, 0.0608, 0.0610, 0.0610, 0.0607, 0.0613, 0.0614, 0.0605,
         0.0000]], device='cuda:2', grad_fn=<SubBackward0>)
Contrastive Loss tensor(0.0896, device='cuda:2', grad_fn=<DivBackward0>)
torch.Size([2708, 2708])
Epoch 23: train_loss: 6.3819 recon_acc: 0.0409 val_roc: 0.4969 val_ap: 0.4854 f1: 0.6667 time: 0.1637
torch.Size([10, 2708, 2708])
difference_matrix tensor([[0.0000, 0.0583, 0.0580, 0.0581, 0.0582, 0.0579, 0.0585, 0.0585, 0.0578,
         0.0588],
        [0.0583, 0.0000, 0.0584, 0.0587, 0.0587, 0.0583, 0.0589, 0.0590, 0.0583,
         0.0593],
        [0.0580, 0.0584, 0.0000, 0.0583, 0.0583, 0.0580, 0.0586, 0.0587, 0.0579,
         0.0590],
        [0.0581, 0.0587, 0.0583, 0.0000, 0.0585, 0.0582, 0.0589, 0.0589, 0.0582,
         0.0592],
        [0.0582, 0.0587, 0.0583, 0.0585, 0.0000, 0.0582, 0.0589, 0.0589, 0.0582,
         0.0592],
        [0.0579, 0.0583, 0.0580, 0.0582, 0.0582, 0.0000, 0.0586, 0.0586, 0.0578,
         0.0589],
        [0.0585, 0.0589, 0.0586, 0.0589, 0.0589, 0.0586, 0.0000, 0.0592, 0.0584,
         0.0595],
        [0.0585, 0.0590, 0.0587, 0.0589, 0.0589, 0.0586, 0.0592, 0.0000, 0.0585,
         0.0596],
        [0.0578, 0.0583, 0.0579, 0.0582, 0.0582, 0.0578, 0.0584, 0.0585, 0.0000,
         0.0588],
        [0.0588, 0.0593, 0.0590, 0.0592, 0.0592, 0.0589, 0.0595, 0.0596, 0.0588,
         0.0000]], device='cuda:2', grad_fn=<SubBackward0>)
Contrastive Loss tensor(0.0914, device='cuda:2', grad_fn=<DivBackward0>)
torch.Size([2708, 2708])
Epoch 24: train_loss: 6.3844 recon_acc: 0.0476 val_roc: 0.4968 val_ap: 0.4858 f1: 0.6684 time: 0.1924
torch.Size([10, 2708, 2708])
difference_matrix tensor([[0.0000, 0.0581, 0.0577, 0.0578, 0.0580, 0.0576, 0.0583, 0.0582, 0.0575,
         0.0586],
        [0.0581, 0.0000, 0.0581, 0.0584, 0.0585, 0.0581, 0.0587, 0.0587, 0.0580,
         0.0590],
        [0.0577, 0.0581, 0.0000, 0.0580, 0.0580, 0.0577, 0.0584, 0.0584, 0.0576,
         0.0587],
        [0.0578, 0.0584, 0.0580, 0.0000, 0.0583, 0.0580, 0.0586, 0.0586, 0.0579,
         0.0589],
        [0.0580, 0.0585, 0.0580, 0.0583, 0.0000, 0.0580, 0.0587, 0.0586, 0.0579,
         0.0589],
        [0.0576, 0.0581, 0.0577, 0.0580, 0.0580, 0.0000, 0.0584, 0.0584, 0.0576,
         0.0586],
        [0.0583, 0.0587, 0.0584, 0.0586, 0.0587, 0.0584, 0.0000, 0.0590, 0.0582,
         0.0593],
        [0.0582, 0.0587, 0.0584, 0.0586, 0.0586, 0.0584, 0.0590, 0.0000, 0.0582,
         0.0593],
        [0.0575, 0.0580, 0.0576, 0.0579, 0.0579, 0.0576, 0.0582, 0.0582, 0.0000,
         0.0585],
        [0.0586, 0.0590, 0.0587, 0.0589, 0.0589, 0.0586, 0.0593, 0.0593, 0.0585,
         0.0000]], device='cuda:2', grad_fn=<SubBackward0>)
Contrastive Loss tensor(0.0917, device='cuda:2', grad_fn=<DivBackward0>)
torch.Size([2708, 2708])
Epoch 25: train_loss: 6.3741 recon_acc: 0.0500 val_roc: 0.4963 val_ap: 0.4856 f1: 0.6684 time: 0.1700
torch.Size([10, 2708, 2708])
difference_matrix tensor([[0.0000, 0.0591, 0.0587, 0.0589, 0.0591, 0.0587, 0.0594, 0.0593, 0.0586,
         0.0596],
        [0.0591, 0.0000, 0.0591, 0.0595, 0.0596, 0.0591, 0.0598, 0.0598, 0.0591,
         0.0601],
        [0.0587, 0.0591, 0.0000, 0.0591, 0.0591, 0.0587, 0.0594, 0.0594, 0.0587,
         0.0598],
        [0.0589, 0.0595, 0.0591, 0.0000, 0.0594, 0.0591, 0.0598, 0.0597, 0.0590,
         0.0600],
        [0.0591, 0.0596, 0.0591, 0.0594, 0.0000, 0.0591, 0.0598, 0.0597, 0.0590,
         0.0600],
        [0.0587, 0.0591, 0.0587, 0.0591, 0.0591, 0.0000, 0.0595, 0.0594, 0.0586,
         0.0597],
        [0.0594, 0.0598, 0.0594, 0.0598, 0.0598, 0.0595, 0.0000, 0.0601, 0.0593,
         0.0604],
        [0.0593, 0.0598, 0.0594, 0.0597, 0.0597, 0.0594, 0.0601, 0.0000, 0.0593,
         0.0604],
        [0.0586, 0.0591, 0.0587, 0.0590, 0.0590, 0.0586, 0.0593, 0.0593, 0.0000,
         0.0596],
        [0.0596, 0.0601, 0.0598, 0.0600, 0.0600, 0.0597, 0.0604, 0.0604, 0.0596,
         0.0000]], device='cuda:2', grad_fn=<SubBackward0>)
Contrastive Loss tensor(0.0906, device='cuda:2', grad_fn=<DivBackward0>)
torch.Size([2708, 2708])
Epoch 26: train_loss: 6.3514 recon_acc: 0.0512 val_roc: 0.4958 val_ap: 0.4850 f1: 0.6684 time: 0.1694
torch.Size([10, 2708, 2708])
difference_matrix tensor([[0.0000, 0.0615, 0.0611, 0.0613, 0.0614, 0.0611, 0.0618, 0.0617, 0.0610,
         0.0620],
        [0.0615, 0.0000, 0.0614, 0.0619, 0.0619, 0.0615, 0.0622, 0.0622, 0.0615,
         0.0624],
        [0.0611, 0.0614, 0.0000, 0.0614, 0.0614, 0.0611, 0.0618, 0.0618, 0.0610,
         0.0621],
        [0.0613, 0.0619, 0.0614, 0.0000, 0.0618, 0.0615, 0.0622, 0.0621, 0.0614,
         0.0624],
        [0.0614, 0.0619, 0.0614, 0.0618, 0.0000, 0.0614, 0.0622, 0.0621, 0.0614,
         0.0624],
        [0.0611, 0.0615, 0.0611, 0.0615, 0.0614, 0.0000, 0.0619, 0.0618, 0.0610,
         0.0620],
        [0.0618, 0.0622, 0.0618, 0.0622, 0.0622, 0.0619, 0.0000, 0.0625, 0.0617,
         0.0628],
        [0.0617, 0.0622, 0.0618, 0.0621, 0.0621, 0.0618, 0.0625, 0.0000, 0.0617,
         0.0628],
        [0.0610, 0.0615, 0.0610, 0.0614, 0.0614, 0.0610, 0.0617, 0.0617, 0.0000,
         0.0619],
        [0.0620, 0.0624, 0.0621, 0.0624, 0.0624, 0.0620, 0.0628, 0.0628, 0.0619,
         0.0000]], device='cuda:2', grad_fn=<SubBackward0>)
Contrastive Loss tensor(0.0882, device='cuda:2', grad_fn=<DivBackward0>)
torch.Size([2708, 2708])
Epoch 27: train_loss: 6.3177 recon_acc: 0.0501 val_roc: 0.4970 val_ap: 0.4866 f1: 0.6684 time: 0.2001
torch.Size([10, 2708, 2708])
difference_matrix tensor([[0.0000, 0.0651, 0.0646, 0.0649, 0.0650, 0.0647, 0.0654, 0.0653, 0.0646,
         0.0656],
        [0.0651, 0.0000, 0.0650, 0.0655, 0.0656, 0.0651, 0.0659, 0.0658, 0.0651,
         0.0661],
        [0.0646, 0.0650, 0.0000, 0.0650, 0.0650, 0.0646, 0.0654, 0.0654, 0.0646,
         0.0657],
        [0.0649, 0.0655, 0.0650, 0.0000, 0.0654, 0.0651, 0.0659, 0.0658, 0.0650,
         0.0661],
        [0.0650, 0.0656, 0.0650, 0.0654, 0.0000, 0.0650, 0.0659, 0.0657, 0.0650,
         0.0660],
        [0.0647, 0.0651, 0.0646, 0.0651, 0.0650, 0.0000, 0.0655, 0.0654, 0.0646,
         0.0656],
        [0.0654, 0.0659, 0.0654, 0.0659, 0.0659, 0.0655, 0.0000, 0.0662, 0.0654,
         0.0665],
        [0.0653, 0.0658, 0.0654, 0.0658, 0.0657, 0.0654, 0.0662, 0.0000, 0.0653,
         0.0664],
        [0.0646, 0.0651, 0.0646, 0.0650, 0.0650, 0.0646, 0.0654, 0.0653, 0.0000,
         0.0655],
        [0.0656, 0.0661, 0.0657, 0.0661, 0.0660, 0.0656, 0.0665, 0.0664, 0.0655,
         0.0000]], device='cuda:2', grad_fn=<SubBackward0>)
Contrastive Loss tensor(0.0846, device='cuda:2', grad_fn=<DivBackward0>)
torch.Size([2708, 2708])
Epoch 28: train_loss: 6.2747 recon_acc: 0.0330 val_roc: 0.4977 val_ap: 0.4874 f1: 0.6684 time: 0.1970
torch.Size([10, 2708, 2708])
difference_matrix tensor([[0.0000, 0.0699, 0.0693, 0.0697, 0.0698, 0.0694, 0.0703, 0.0701, 0.0694,
         0.0704],
        [0.0699, 0.0000, 0.0698, 0.0704, 0.0704, 0.0699, 0.0707, 0.0706, 0.0699,
         0.0709],
        [0.0693, 0.0698, 0.0000, 0.0698, 0.0698, 0.0694, 0.0702, 0.0702, 0.0693,
         0.0705],
        [0.0697, 0.0704, 0.0698, 0.0000, 0.0702, 0.0699, 0.0708, 0.0706, 0.0699,
         0.0709],
        [0.0698, 0.0704, 0.0698, 0.0702, 0.0000, 0.0698, 0.0707, 0.0706, 0.0698,
         0.0708],
        [0.0694, 0.0699, 0.0694, 0.0699, 0.0698, 0.0000, 0.0704, 0.0702, 0.0694,
         0.0705],
        [0.0703, 0.0707, 0.0702, 0.0708, 0.0707, 0.0704, 0.0000, 0.0711, 0.0702,
         0.0713],
        [0.0701, 0.0706, 0.0702, 0.0706, 0.0706, 0.0702, 0.0711, 0.0000, 0.0701,
         0.0712],
        [0.0694, 0.0699, 0.0693, 0.0699, 0.0698, 0.0694, 0.0702, 0.0701, 0.0000,
         0.0704],
        [0.0704, 0.0709, 0.0705, 0.0709, 0.0708, 0.0705, 0.0713, 0.0712, 0.0704,
         0.0000]], device='cuda:2', grad_fn=<SubBackward0>)
Contrastive Loss tensor(0.0798, device='cuda:2', grad_fn=<DivBackward0>)
torch.Size([2708, 2708])
Epoch 29: train_loss: 6.2249 recon_acc: 0.0336 val_roc: 0.4998 val_ap: 0.4886 f1: 0.6684 time: 0.1878
torch.Size([10, 2708, 2708])
difference_matrix tensor([[0.0000, 0.0758, 0.0753, 0.0757, 0.0758, 0.0754, 0.0763, 0.0760, 0.0753,
         0.0764],
        [0.0758, 0.0000, 0.0757, 0.0764, 0.0764, 0.0759, 0.0768, 0.0766, 0.0759,
         0.0769],
        [0.0753, 0.0757, 0.0000, 0.0758, 0.0757, 0.0753, 0.0762, 0.0761, 0.0752,
         0.0764],
        [0.0757, 0.0764, 0.0758, 0.0000, 0.0762, 0.0759, 0.0768, 0.0766, 0.0758,
         0.0770],
        [0.0758, 0.0764, 0.0757, 0.0762, 0.0000, 0.0758, 0.0768, 0.0766, 0.0758,
         0.0769],
        [0.0754, 0.0759, 0.0753, 0.0759, 0.0758, 0.0000, 0.0764, 0.0762, 0.0753,
         0.0764],
        [0.0763, 0.0768, 0.0762, 0.0768, 0.0768, 0.0764, 0.0000, 0.0771, 0.0762,
         0.0774],
        [0.0760, 0.0766, 0.0761, 0.0766, 0.0766, 0.0762, 0.0771, 0.0000, 0.0761,
         0.0773],
        [0.0753, 0.0759, 0.0752, 0.0758, 0.0758, 0.0753, 0.0762, 0.0761, 0.0000,
         0.0763],
        [0.0764, 0.0769, 0.0764, 0.0770, 0.0769, 0.0764, 0.0774, 0.0773, 0.0763,
         0.0000]], device='cuda:2', grad_fn=<SubBackward0>)
Contrastive Loss tensor(0.0738, device='cuda:2', grad_fn=<DivBackward0>)
torch.Size([2708, 2708])
Epoch 30: train_loss: 6.1711 recon_acc: 0.0334 val_roc: 0.5005 val_ap: 0.4887 f1: 0.6684 time: 0.1632
torch.Size([10, 2708, 2708])
difference_matrix tensor([[0.0000, 0.0829, 0.0823, 0.0827, 0.0829, 0.0824, 0.0834, 0.0831, 0.0823,
         0.0835],
        [0.0829, 0.0000, 0.0828, 0.0835, 0.0835, 0.0830, 0.0839, 0.0838, 0.0829,
         0.0840],
        [0.0823, 0.0828, 0.0000, 0.0828, 0.0828, 0.0823, 0.0834, 0.0832, 0.0823,
         0.0835],
        [0.0827, 0.0835, 0.0828, 0.0000, 0.0834, 0.0830, 0.0840, 0.0837, 0.0829,
         0.0841],
        [0.0829, 0.0835, 0.0828, 0.0834, 0.0000, 0.0829, 0.0840, 0.0837, 0.0829,
         0.0840],
        [0.0824, 0.0830, 0.0823, 0.0830, 0.0829, 0.0000, 0.0836, 0.0833, 0.0824,
         0.0836],
        [0.0834, 0.0839, 0.0834, 0.0840, 0.0840, 0.0836, 0.0000, 0.0843, 0.0834,
         0.0846],
        [0.0831, 0.0838, 0.0832, 0.0837, 0.0837, 0.0833, 0.0843, 0.0000, 0.0832,
         0.0844],
        [0.0823, 0.0829, 0.0823, 0.0829, 0.0829, 0.0824, 0.0834, 0.0832, 0.0000,
         0.0834],
        [0.0835, 0.0840, 0.0835, 0.0841, 0.0840, 0.0836, 0.0846, 0.0844, 0.0834,
         0.0000]], device='cuda:2', grad_fn=<SubBackward0>)
Contrastive Loss tensor(0.0667, device='cuda:2', grad_fn=<DivBackward0>)
torch.Size([2708, 2708])
