difference_matrix tensor([[0.0000, 0.3826, 0.3823, 0.3821, 0.3826, 0.3822, 0.3835, 0.3825, 0.3818,
         0.3833],
        [0.3826, 0.0000, 0.3826, 0.3836, 0.3836, 0.3827, 0.3838, 0.3833, 0.3825,
         0.3839],
        [0.3823, 0.3826, 0.0000, 0.3828, 0.3826, 0.3824, 0.3837, 0.3831, 0.3821,
         0.3838],
        [0.3821, 0.3836, 0.3828, 0.0000, 0.3835, 0.3830, 0.3845, 0.3834, 0.3829,
         0.3841],
        [0.3826, 0.3836, 0.3826, 0.3835, 0.0000, 0.3829, 0.3845, 0.3834, 0.3826,
         0.3837],
        [0.3822, 0.3827, 0.3824, 0.3830, 0.3829, 0.0000, 0.3840, 0.3829, 0.3818,
         0.3833],
        [0.3835, 0.3838, 0.3837, 0.3845, 0.3845, 0.3840, 0.0000, 0.3844, 0.3830,
         0.3848],
        [0.3825, 0.3833, 0.3831, 0.3834, 0.3834, 0.3829, 0.3844, 0.0000, 0.3825,
         0.3842],
        [0.3818, 0.3825, 0.3821, 0.3829, 0.3826, 0.3818, 0.3830, 0.3825, 0.0000,
         0.3831],
        [0.3833, 0.3839, 0.3838, 0.3841, 0.3837, 0.3833, 0.3848, 0.3842, 0.3831,
         0.0000]], device='cuda:3', grad_fn=<SubBackward0>)
Contrastive Loss tensor(0., device='cuda:3', grad_fn=<DivBackward0>)
Epoch  1: train_loss: 12.9969 recon_acc: 0.0158 val_roc: 0.5456 val_ap: 0.5571 f1: 0.6675 time: 2.4228
          test_roc: 0.4829 test_ap: 0.4988 test_f1: 0.6667 test_recon_acc: 0.0021
difference_matrix tensor([[0.0000, 0.3781, 0.3778, 0.3776, 0.3783, 0.3777, 0.3789, 0.3780, 0.3771,
         0.3789],
        [0.3781, 0.0000, 0.3782, 0.3792, 0.3793, 0.3783, 0.3794, 0.3789, 0.3780,
         0.3795],
        [0.3778, 0.3782, 0.0000, 0.3784, 0.3784, 0.3780, 0.3793, 0.3788, 0.3776,
         0.3795],
        [0.3776, 0.3792, 0.3784, 0.0000, 0.3792, 0.3785, 0.3800, 0.3790, 0.3784,
         0.3797],
        [0.3783, 0.3793, 0.3784, 0.3792, 0.0000, 0.3787, 0.3802, 0.3791, 0.3783,
         0.3796],
        [0.3777, 0.3783, 0.3780, 0.3785, 0.3787, 0.0000, 0.3795, 0.3785, 0.3773,
         0.3790],
        [0.3789, 0.3794, 0.3793, 0.3800, 0.3802, 0.3795, 0.0000, 0.3799, 0.3785,
         0.3804],
        [0.3780, 0.3789, 0.3788, 0.3790, 0.3791, 0.3785, 0.3799, 0.0000, 0.3780,
         0.3799],
        [0.3771, 0.3780, 0.3776, 0.3784, 0.3783, 0.3773, 0.3785, 0.3780, 0.0000,
         0.3786],
        [0.3789, 0.3795, 0.3795, 0.3797, 0.3796, 0.3790, 0.3804, 0.3799, 0.3786,
         0.0000]], device='cuda:3', grad_fn=<SubBackward0>)
Contrastive Loss tensor(0., device='cuda:3', grad_fn=<DivBackward0>)
Epoch  2: train_loss: 12.4805 recon_acc: 0.0163 val_roc: 0.5455 val_ap: 0.5563 f1: 0.6675 time: 1.4372
difference_matrix tensor([[0.0000, 0.3726, 0.3724, 0.3721, 0.3729, 0.3722, 0.3734, 0.3725, 0.3715,
         0.3734],
        [0.3726, 0.0000, 0.3728, 0.3737, 0.3740, 0.3729, 0.3739, 0.3736, 0.3725,
         0.3742],
        [0.3724, 0.3728, 0.0000, 0.3730, 0.3731, 0.3726, 0.3739, 0.3734, 0.3721,
         0.3742],
        [0.3721, 0.3737, 0.3730, 0.0000, 0.3738, 0.3731, 0.3745, 0.3735, 0.3728,
         0.3743],
        [0.3729, 0.3740, 0.3731, 0.3738, 0.0000, 0.3733, 0.3748, 0.3738, 0.3729,
         0.3743],
        [0.3722, 0.3729, 0.3726, 0.3731, 0.3733, 0.0000, 0.3741, 0.3731, 0.3717,
         0.3736],
        [0.3734, 0.3739, 0.3739, 0.3745, 0.3748, 0.3741, 0.0000, 0.3745, 0.3729,
         0.3750],
        [0.3725, 0.3736, 0.3734, 0.3735, 0.3738, 0.3731, 0.3745, 0.0000, 0.3725,
         0.3746],
        [0.3715, 0.3725, 0.3721, 0.3728, 0.3729, 0.3717, 0.3729, 0.3725, 0.0000,
         0.3731],
        [0.3734, 0.3742, 0.3742, 0.3743, 0.3743, 0.3736, 0.3750, 0.3746, 0.3731,
         0.0000]], device='cuda:3', grad_fn=<SubBackward0>)
Contrastive Loss tensor(0., device='cuda:3', grad_fn=<DivBackward0>)
Epoch  3: train_loss: 11.9321 recon_acc: 0.0172 val_roc: 0.5452 val_ap: 0.5543 f1: 0.6684 time: 1.5357
difference_matrix tensor([[0.0000, 0.3659, 0.3657, 0.3654, 0.3661, 0.3654, 0.3666, 0.3657, 0.3647,
         0.3667],
        [0.3659, 0.0000, 0.3662, 0.3670, 0.3673, 0.3662, 0.3672, 0.3669, 0.3658,
         0.3675],
        [0.3657, 0.3662, 0.0000, 0.3663, 0.3664, 0.3659, 0.3671, 0.3668, 0.3654,
         0.3675],
        [0.3654, 0.3670, 0.3663, 0.0000, 0.3671, 0.3664, 0.3677, 0.3668, 0.3660,
         0.3677],
        [0.3661, 0.3673, 0.3664, 0.3671, 0.0000, 0.3666, 0.3681, 0.3671, 0.3661,
         0.3677],
        [0.3654, 0.3662, 0.3659, 0.3664, 0.3666, 0.0000, 0.3673, 0.3664, 0.3650,
         0.3670],
        [0.3666, 0.3672, 0.3671, 0.3677, 0.3681, 0.3673, 0.0000, 0.3678, 0.3661,
         0.3684],
        [0.3657, 0.3669, 0.3668, 0.3668, 0.3671, 0.3664, 0.3678, 0.0000, 0.3658,
         0.3679],
        [0.3647, 0.3658, 0.3654, 0.3660, 0.3661, 0.3650, 0.3661, 0.3658, 0.0000,
         0.3664],
        [0.3667, 0.3675, 0.3675, 0.3677, 0.3677, 0.3670, 0.3684, 0.3679, 0.3664,
         0.0000]], device='cuda:3', grad_fn=<SubBackward0>)
Contrastive Loss tensor(0., device='cuda:3', grad_fn=<DivBackward0>)
Epoch  4: train_loss: 11.3363 recon_acc: 0.0042 val_roc: 0.5448 val_ap: 0.5528 f1: 0.6684 time: 1.3430
difference_matrix tensor([[0.0000, 0.3577, 0.3576, 0.3572, 0.3579, 0.3573, 0.3584, 0.3576, 0.3565,
         0.3586],
        [0.3577, 0.0000, 0.3581, 0.3589, 0.3592, 0.3581, 0.3591, 0.3588, 0.3576,
         0.3594],
        [0.3576, 0.3581, 0.0000, 0.3582, 0.3583, 0.3578, 0.3590, 0.3587, 0.3572,
         0.3595],
        [0.3572, 0.3589, 0.3582, 0.0000, 0.3589, 0.3583, 0.3596, 0.3587, 0.3578,
         0.3596],
        [0.3579, 0.3592, 0.3583, 0.3589, 0.0000, 0.3585, 0.3599, 0.3590, 0.3578,
         0.3595],
        [0.3573, 0.3581, 0.3578, 0.3583, 0.3585, 0.0000, 0.3592, 0.3583, 0.3568,
         0.3589],
        [0.3584, 0.3591, 0.3590, 0.3596, 0.3599, 0.3592, 0.0000, 0.3597, 0.3579,
         0.3602],
        [0.3576, 0.3588, 0.3587, 0.3587, 0.3590, 0.3583, 0.3597, 0.0000, 0.3576,
         0.3599],
        [0.3565, 0.3576, 0.3572, 0.3578, 0.3578, 0.3568, 0.3579, 0.3576, 0.0000,
         0.3582],
        [0.3586, 0.3594, 0.3595, 0.3596, 0.3595, 0.3589, 0.3602, 0.3599, 0.3582,
         0.0000]], device='cuda:3', grad_fn=<SubBackward0>)
Contrastive Loss tensor(0., device='cuda:3', grad_fn=<DivBackward0>)
Epoch  5: train_loss: 10.7066 recon_acc: 0.0154 val_roc: 0.5445 val_ap: 0.5520 f1: 0.6692 time: 1.4517
difference_matrix tensor([[0.0000, 0.3480, 0.3477, 0.3474, 0.3480, 0.3474, 0.3486, 0.3479, 0.3466,
         0.3488],
        [0.3480, 0.0000, 0.3482, 0.3490, 0.3493, 0.3483, 0.3493, 0.3491, 0.3477,
         0.3496],
        [0.3477, 0.3482, 0.0000, 0.3483, 0.3484, 0.3479, 0.3492, 0.3489, 0.3473,
         0.3497],
        [0.3474, 0.3490, 0.3483, 0.0000, 0.3489, 0.3484, 0.3497, 0.3490, 0.3478,
         0.3498],
        [0.3480, 0.3493, 0.3484, 0.3489, 0.0000, 0.3485, 0.3499, 0.3491, 0.3478,
         0.3496],
        [0.3474, 0.3483, 0.3479, 0.3484, 0.3485, 0.0000, 0.3494, 0.3486, 0.3469,
         0.3491],
        [0.3486, 0.3493, 0.3492, 0.3497, 0.3499, 0.3494, 0.0000, 0.3499, 0.3480,
         0.3505],
        [0.3479, 0.3491, 0.3489, 0.3490, 0.3491, 0.3486, 0.3499, 0.0000, 0.3478,
         0.3502],
        [0.3466, 0.3477, 0.3473, 0.3478, 0.3478, 0.3469, 0.3480, 0.3478, 0.0000,
         0.3484],
        [0.3488, 0.3496, 0.3497, 0.3498, 0.3496, 0.3491, 0.3505, 0.3502, 0.3484,
         0.0000]], device='cuda:3', grad_fn=<SubBackward0>)
Contrastive Loss tensor(0., device='cuda:3', grad_fn=<DivBackward0>)
Epoch  6: train_loss: 10.0608 recon_acc: 0.0051 val_roc: 0.5435 val_ap: 0.5482 f1: 0.6684 time: 1.3989
difference_matrix tensor([[0.0000, 0.3363, 0.3359, 0.3357, 0.3361, 0.3356, 0.3368, 0.3362, 0.3348,
         0.3371],
        [0.3363, 0.0000, 0.3365, 0.3373, 0.3374, 0.3365, 0.3376, 0.3375, 0.3360,
         0.3380],
        [0.3359, 0.3365, 0.0000, 0.3365, 0.3364, 0.3360, 0.3374, 0.3372, 0.3354,
         0.3379],
        [0.3357, 0.3373, 0.3365, 0.0000, 0.3369, 0.3365, 0.3379, 0.3373, 0.3360,
         0.3380],
        [0.3361, 0.3374, 0.3364, 0.3369, 0.0000, 0.3364, 0.3380, 0.3373, 0.3359,
         0.3377],
        [0.3356, 0.3365, 0.3360, 0.3365, 0.3364, 0.0000, 0.3375, 0.3368, 0.3350,
         0.3373],
        [0.3368, 0.3376, 0.3374, 0.3379, 0.3380, 0.3375, 0.0000, 0.3382, 0.3363,
         0.3388],
        [0.3362, 0.3375, 0.3372, 0.3373, 0.3373, 0.3368, 0.3382, 0.0000, 0.3361,
         0.3385],
        [0.3348, 0.3360, 0.3354, 0.3360, 0.3359, 0.3350, 0.3363, 0.3361, 0.0000,
         0.3366],
        [0.3371, 0.3380, 0.3379, 0.3380, 0.3377, 0.3373, 0.3388, 0.3385, 0.3366,
         0.0000]], device='cuda:3', grad_fn=<SubBackward0>)
Contrastive Loss tensor(0., device='cuda:3', grad_fn=<DivBackward0>)
Epoch  7: train_loss: 9.4183 recon_acc: 0.0055 val_roc: 0.5432 val_ap: 0.5463 f1: 0.6692 time: 1.4359
difference_matrix tensor([[0.0000, 0.3223, 0.3217, 0.3216, 0.3218, 0.3214, 0.3227, 0.3223, 0.3208,
         0.3230],
        [0.3223, 0.0000, 0.3225, 0.3234, 0.3232, 0.3225, 0.3236, 0.3236, 0.3221,
         0.3241],
        [0.3217, 0.3225, 0.0000, 0.3224, 0.3221, 0.3218, 0.3232, 0.3231, 0.3213,
         0.3238],
        [0.3216, 0.3234, 0.3224, 0.0000, 0.3227, 0.3223, 0.3238, 0.3233, 0.3220,
         0.3240],
        [0.3218, 0.3232, 0.3221, 0.3227, 0.0000, 0.3220, 0.3237, 0.3231, 0.3217,
         0.3235],
        [0.3214, 0.3225, 0.3218, 0.3223, 0.3220, 0.0000, 0.3233, 0.3227, 0.3209,
         0.3231],
        [0.3227, 0.3236, 0.3232, 0.3238, 0.3237, 0.3233, 0.0000, 0.3242, 0.3223,
         0.3247],
        [0.3223, 0.3236, 0.3231, 0.3233, 0.3231, 0.3227, 0.3242, 0.0000, 0.3221,
         0.3246],
        [0.3208, 0.3221, 0.3213, 0.3220, 0.3217, 0.3209, 0.3223, 0.3221, 0.0000,
         0.3226],
        [0.3230, 0.3241, 0.3238, 0.3240, 0.3235, 0.3231, 0.3247, 0.3246, 0.3226,
         0.0000]], device='cuda:3', grad_fn=<SubBackward0>)
Contrastive Loss tensor(0., device='cuda:3', grad_fn=<DivBackward0>)
Epoch  8: train_loss: 8.7994 recon_acc: 0.0061 val_roc: 0.5426 val_ap: 0.5432 f1: 0.6692 time: 1.4649
difference_matrix tensor([[0.0000, 0.3057, 0.3049, 0.3048, 0.3049, 0.3045, 0.3060, 0.3055, 0.3041,
         0.3063],
        [0.3057, 0.0000, 0.3057, 0.3067, 0.3064, 0.3057, 0.3070, 0.3070, 0.3055,
         0.3075],
        [0.3049, 0.3057, 0.0000, 0.3055, 0.3051, 0.3048, 0.3064, 0.3063, 0.3045,
         0.3069],
        [0.3048, 0.3067, 0.3055, 0.0000, 0.3057, 0.3054, 0.3070, 0.3066, 0.3051,
         0.3072],
        [0.3049, 0.3064, 0.3051, 0.3057, 0.0000, 0.3050, 0.3068, 0.3062, 0.3048,
         0.3067],
        [0.3045, 0.3057, 0.3048, 0.3054, 0.3050, 0.0000, 0.3064, 0.3059, 0.3041,
         0.3063],
        [0.3060, 0.3070, 0.3064, 0.3070, 0.3068, 0.3064, 0.0000, 0.3075, 0.3056,
         0.3080],
        [0.3055, 0.3070, 0.3063, 0.3066, 0.3062, 0.3059, 0.3075, 0.0000, 0.3054,
         0.3078],
        [0.3041, 0.3055, 0.3045, 0.3051, 0.3048, 0.3041, 0.3056, 0.3054, 0.0000,
         0.3059],
        [0.3063, 0.3075, 0.3069, 0.3072, 0.3067, 0.3063, 0.3080, 0.3078, 0.3059,
         0.0000]], device='cuda:3', grad_fn=<SubBackward0>)
Contrastive Loss tensor(0., device='cuda:3', grad_fn=<DivBackward0>)
Epoch  9: train_loss: 8.2254 recon_acc: 0.0066 val_roc: 0.5417 val_ap: 0.5411 f1: 0.6692 time: 1.5313
difference_matrix tensor([[0.0000, 0.2862, 0.2853, 0.2852, 0.2853, 0.2849, 0.2864, 0.2860, 0.2846,
         0.2868],
        [0.2862, 0.0000, 0.2863, 0.2871, 0.2869, 0.2862, 0.2876, 0.2876, 0.2861,
         0.2881],
        [0.2853, 0.2863, 0.0000, 0.2859, 0.2855, 0.2852, 0.2869, 0.2867, 0.2849,
         0.2874],
        [0.2852, 0.2871, 0.2859, 0.0000, 0.2860, 0.2857, 0.2875, 0.2870, 0.2855,
         0.2877],
        [0.2853, 0.2869, 0.2855, 0.2860, 0.0000, 0.2854, 0.2871, 0.2867, 0.2852,
         0.2871],
        [0.2849, 0.2862, 0.2852, 0.2857, 0.2854, 0.0000, 0.2868, 0.2864, 0.2845,
         0.2868],
        [0.2864, 0.2876, 0.2869, 0.2875, 0.2871, 0.2868, 0.0000, 0.2880, 0.2861,
         0.2886],
        [0.2860, 0.2876, 0.2867, 0.2870, 0.2867, 0.2864, 0.2880, 0.0000, 0.2859,
         0.2884],
        [0.2846, 0.2861, 0.2849, 0.2855, 0.2852, 0.2845, 0.2861, 0.2859, 0.0000,
         0.2864],
        [0.2868, 0.2881, 0.2874, 0.2877, 0.2871, 0.2868, 0.2886, 0.2884, 0.2864,
         0.0000]], device='cuda:3', grad_fn=<SubBackward0>)
Contrastive Loss tensor(0., device='cuda:3', grad_fn=<DivBackward0>)
Epoch 10: train_loss: 7.7108 recon_acc: 0.0071 val_roc: 0.5411 val_ap: 0.5378 f1: 0.6692 time: 1.4065
difference_matrix tensor([[0.0000, 0.2641, 0.2632, 0.2631, 0.2632, 0.2628, 0.2643, 0.2640, 0.2625,
         0.2648],
        [0.2641, 0.0000, 0.2643, 0.2651, 0.2649, 0.2642, 0.2655, 0.2655, 0.2640,
         0.2662],
        [0.2632, 0.2643, 0.0000, 0.2638, 0.2635, 0.2632, 0.2648, 0.2647, 0.2629,
         0.2655],
        [0.2631, 0.2651, 0.2638, 0.0000, 0.2640, 0.2637, 0.2654, 0.2650, 0.2634,
         0.2657],
        [0.2632, 0.2649, 0.2635, 0.2640, 0.0000, 0.2634, 0.2651, 0.2647, 0.2631,
         0.2653],
        [0.2628, 0.2642, 0.2632, 0.2637, 0.2634, 0.0000, 0.2648, 0.2644, 0.2625,
         0.2649],
        [0.2643, 0.2655, 0.2648, 0.2654, 0.2651, 0.2648, 0.0000, 0.2660, 0.2640,
         0.2666],
        [0.2640, 0.2655, 0.2647, 0.2650, 0.2647, 0.2644, 0.2660, 0.0000, 0.2639,
         0.2665],
        [0.2625, 0.2640, 0.2629, 0.2634, 0.2631, 0.2625, 0.2640, 0.2639, 0.0000,
         0.2645],
        [0.2648, 0.2662, 0.2655, 0.2657, 0.2653, 0.2649, 0.2666, 0.2665, 0.2645,
         0.0000]], device='cuda:3', grad_fn=<SubBackward0>)
Contrastive Loss tensor(0., device='cuda:3', grad_fn=<DivBackward0>)
Epoch 11: train_loss: 7.2651 recon_acc: 0.0081 val_roc: 0.5393 val_ap: 0.5346 f1: 0.6701 time: 1.5058
difference_matrix tensor([[0.0000, 0.2399, 0.2390, 0.2389, 0.2391, 0.2386, 0.2401, 0.2398, 0.2382,
         0.2407],
        [0.2399, 0.0000, 0.2401, 0.2408, 0.2408, 0.2400, 0.2413, 0.2414, 0.2398,
         0.2421],
        [0.2390, 0.2401, 0.0000, 0.2397, 0.2395, 0.2391, 0.2406, 0.2406, 0.2387,
         0.2414],
        [0.2389, 0.2408, 0.2397, 0.0000, 0.2399, 0.2395, 0.2411, 0.2408, 0.2392,
         0.2417],
        [0.2391, 0.2408, 0.2395, 0.2399, 0.0000, 0.2393, 0.2409, 0.2407, 0.2390,
         0.2413],
        [0.2386, 0.2400, 0.2391, 0.2395, 0.2393, 0.0000, 0.2406, 0.2403, 0.2383,
         0.2409],
        [0.2401, 0.2413, 0.2406, 0.2411, 0.2409, 0.2406, 0.0000, 0.2418, 0.2398,
         0.2425],
        [0.2398, 0.2414, 0.2406, 0.2408, 0.2407, 0.2403, 0.2418, 0.0000, 0.2398,
         0.2424],
        [0.2382, 0.2398, 0.2387, 0.2392, 0.2390, 0.2383, 0.2398, 0.2398, 0.0000,
         0.2404],
        [0.2407, 0.2421, 0.2414, 0.2417, 0.2413, 0.2409, 0.2425, 0.2424, 0.2404,
         0.0000]], device='cuda:3', grad_fn=<SubBackward0>)
Contrastive Loss tensor(0., device='cuda:3', grad_fn=<DivBackward0>)
Epoch 12: train_loss: 6.8969 recon_acc: 0.0094 val_roc: 0.5381 val_ap: 0.5329 f1: 0.6701 time: 1.4680
difference_matrix tensor([[0.0000, 0.2141, 0.2133, 0.2132, 0.2134, 0.2129, 0.2143, 0.2141, 0.2125,
         0.2150],
        [0.2141, 0.0000, 0.2145, 0.2151, 0.2152, 0.2144, 0.2156, 0.2157, 0.2141,
         0.2165],
        [0.2133, 0.2145, 0.0000, 0.2141, 0.2140, 0.2135, 0.2150, 0.2150, 0.2131,
         0.2159],
        [0.2132, 0.2151, 0.2141, 0.0000, 0.2143, 0.2139, 0.2154, 0.2151, 0.2135,
         0.2161],
        [0.2134, 0.2152, 0.2140, 0.2143, 0.0000, 0.2138, 0.2153, 0.2151, 0.2134,
         0.2159],
        [0.2129, 0.2144, 0.2135, 0.2139, 0.2138, 0.0000, 0.2149, 0.2147, 0.2127,
         0.2154],
        [0.2143, 0.2156, 0.2150, 0.2154, 0.2153, 0.2149, 0.0000, 0.2161, 0.2141,
         0.2169],
        [0.2141, 0.2157, 0.2150, 0.2151, 0.2151, 0.2147, 0.2161, 0.0000, 0.2141,
         0.2169],
        [0.2125, 0.2141, 0.2131, 0.2135, 0.2134, 0.2127, 0.2141, 0.2141, 0.0000,
         0.2149],
        [0.2150, 0.2165, 0.2159, 0.2161, 0.2159, 0.2154, 0.2169, 0.2169, 0.2149,
         0.0000]], device='cuda:3', grad_fn=<SubBackward0>)
Contrastive Loss tensor(0., device='cuda:3', grad_fn=<DivBackward0>)
Epoch 13: train_loss: 6.6100 recon_acc: 0.0064 val_roc: 0.5360 val_ap: 0.5462 f1: 0.6684 time: 1.5134
difference_matrix tensor([[0.0000, 0.1879, 0.1871, 0.1870, 0.1873, 0.1868, 0.1880, 0.1879, 0.1863,
         0.1888],
        [0.1879, 0.0000, 0.1883, 0.1889, 0.1890, 0.1882, 0.1893, 0.1895, 0.1879,
         0.1903],
        [0.1871, 0.1883, 0.0000, 0.1879, 0.1879, 0.1874, 0.1887, 0.1888, 0.1869,
         0.1897],
        [0.1870, 0.1889, 0.1879, 0.0000, 0.1882, 0.1877, 0.1891, 0.1890, 0.1873,
         0.1899],
        [0.1873, 0.1890, 0.1879, 0.1882, 0.0000, 0.1877, 0.1890, 0.1890, 0.1873,
         0.1897],
        [0.1868, 0.1882, 0.1874, 0.1877, 0.1877, 0.0000, 0.1886, 0.1886, 0.1866,
         0.1892],
        [0.1880, 0.1893, 0.1887, 0.1891, 0.1890, 0.1886, 0.0000, 0.1898, 0.1878,
         0.1906],
        [0.1879, 0.1895, 0.1888, 0.1890, 0.1890, 0.1886, 0.1898, 0.0000, 0.1880,
         0.1907],
        [0.1863, 0.1879, 0.1869, 0.1873, 0.1873, 0.1866, 0.1878, 0.1880, 0.0000,
         0.1887],
        [0.1888, 0.1903, 0.1897, 0.1899, 0.1897, 0.1892, 0.1906, 0.1907, 0.1887,
         0.0000]], device='cuda:3', grad_fn=<SubBackward0>)
Contrastive Loss tensor(0., device='cuda:3', grad_fn=<DivBackward0>)
Epoch 14: train_loss: 6.4032 recon_acc: 0.0063 val_roc: 0.5372 val_ap: 0.5456 f1: 0.6684 time: 1.6053
difference_matrix tensor([[0.0000, 0.1625, 0.1617, 0.1617, 0.1619, 0.1614, 0.1625, 0.1625, 0.1609,
         0.1634],
        [0.1625, 0.0000, 0.1629, 0.1634, 0.1635, 0.1628, 0.1638, 0.1640, 0.1625,
         0.1648],
        [0.1617, 0.1629, 0.0000, 0.1625, 0.1625, 0.1621, 0.1632, 0.1634, 0.1616,
         0.1642],
        [0.1617, 0.1634, 0.1625, 0.0000, 0.1627, 0.1623, 0.1635, 0.1635, 0.1619,
         0.1644],
        [0.1619, 0.1635, 0.1625, 0.1627, 0.0000, 0.1623, 0.1635, 0.1635, 0.1619,
         0.1643],
        [0.1614, 0.1628, 0.1621, 0.1623, 0.1623, 0.0000, 0.1631, 0.1632, 0.1613,
         0.1638],
        [0.1625, 0.1638, 0.1632, 0.1635, 0.1635, 0.1631, 0.0000, 0.1642, 0.1624,
         0.1650],
        [0.1625, 0.1640, 0.1634, 0.1635, 0.1635, 0.1632, 0.1642, 0.0000, 0.1626,
         0.1651],
        [0.1609, 0.1625, 0.1616, 0.1619, 0.1619, 0.1613, 0.1624, 0.1626, 0.0000,
         0.1633],
        [0.1634, 0.1648, 0.1642, 0.1644, 0.1643, 0.1638, 0.1650, 0.1651, 0.1633,
         0.0000]], device='cuda:3', grad_fn=<SubBackward0>)
Contrastive Loss tensor(0., device='cuda:3', grad_fn=<DivBackward0>)
Epoch 15: train_loss: 6.2679 recon_acc: 0.0061 val_roc: 0.5379 val_ap: 0.5455 f1: 0.6684 time: 1.4110
difference_matrix tensor([[0.0000, 0.1390, 0.1383, 0.1382, 0.1385, 0.1380, 0.1390, 0.1391, 0.1376,
         0.1398],
        [0.1390, 0.0000, 0.1394, 0.1398, 0.1399, 0.1393, 0.1401, 0.1404, 0.1389,
         0.1411],
        [0.1383, 0.1394, 0.0000, 0.1390, 0.1390, 0.1386, 0.1396, 0.1398, 0.1381,
         0.1406],
        [0.1382, 0.1398, 0.1390, 0.0000, 0.1391, 0.1388, 0.1398, 0.1399, 0.1384,
         0.1407],
        [0.1385, 0.1399, 0.1390, 0.1391, 0.0000, 0.1388, 0.1398, 0.1399, 0.1384,
         0.1406],
        [0.1380, 0.1393, 0.1386, 0.1388, 0.1388, 0.0000, 0.1395, 0.1396, 0.1379,
         0.1402],
        [0.1390, 0.1401, 0.1396, 0.1398, 0.1398, 0.1395, 0.0000, 0.1406, 0.1388,
         0.1412],
        [0.1391, 0.1404, 0.1398, 0.1399, 0.1399, 0.1396, 0.1406, 0.0000, 0.1391,
         0.1414],
        [0.1376, 0.1389, 0.1381, 0.1384, 0.1384, 0.1379, 0.1388, 0.1391, 0.0000,
         0.1397],
        [0.1398, 0.1411, 0.1406, 0.1407, 0.1406, 0.1402, 0.1412, 0.1414, 0.1397,
         0.0000]], device='cuda:3', grad_fn=<SubBackward0>)
Contrastive Loss tensor(0., device='cuda:3', grad_fn=<DivBackward0>)
Epoch 16: train_loss: 6.1932 recon_acc: 0.0062 val_roc: 0.5383 val_ap: 0.5444 f1: 0.6684 time: 1.4011
difference_matrix tensor([[0.0000, 0.1182, 0.1176, 0.1175, 0.1177, 0.1173, 0.1182, 0.1183, 0.1170,
         0.1190],
        [0.1182, 0.0000, 0.1185, 0.1189, 0.1189, 0.1184, 0.1192, 0.1195, 0.1181,
         0.1201],
        [0.1176, 0.1185, 0.0000, 0.1182, 0.1182, 0.1178, 0.1187, 0.1189, 0.1174,
         0.1196],
        [0.1175, 0.1189, 0.1182, 0.0000, 0.1183, 0.1180, 0.1189, 0.1190, 0.1176,
         0.1197],
        [0.1177, 0.1189, 0.1182, 0.1183, 0.0000, 0.1180, 0.1189, 0.1190, 0.1177,
         0.1196],
        [0.1173, 0.1184, 0.1178, 0.1180, 0.1180, 0.0000, 0.1186, 0.1187, 0.1172,
         0.1193],
        [0.1182, 0.1192, 0.1187, 0.1189, 0.1189, 0.1186, 0.0000, 0.1196, 0.1181,
         0.1202],
        [0.1183, 0.1195, 0.1189, 0.1190, 0.1190, 0.1187, 0.1196, 0.0000, 0.1183,
         0.1204],
        [0.1170, 0.1181, 0.1174, 0.1176, 0.1177, 0.1172, 0.1181, 0.1183, 0.0000,
         0.1188],
        [0.1190, 0.1201, 0.1196, 0.1197, 0.1196, 0.1193, 0.1202, 0.1204, 0.1188,
         0.0000]], device='cuda:3', grad_fn=<SubBackward0>)
Contrastive Loss tensor(0., device='cuda:3', grad_fn=<DivBackward0>)
Epoch 17: train_loss: 6.1665 recon_acc: 0.0067 val_roc: 0.5396 val_ap: 0.5437 f1: 0.6684 time: 1.4515
difference_matrix tensor([[0.0000, 0.1005, 0.1000, 0.1000, 0.1002, 0.0998, 0.1006, 0.1007, 0.0995,
         0.1013],
        [0.1005, 0.0000, 0.1008, 0.1011, 0.1012, 0.1007, 0.1014, 0.1017, 0.1005,
         0.1022],
        [0.1000, 0.1008, 0.0000, 0.1005, 0.1005, 0.1002, 0.1010, 0.1012, 0.0999,
         0.1018],
        [0.1000, 0.1011, 0.1005, 0.0000, 0.1006, 0.1003, 0.1012, 0.1013, 0.1001,
         0.1019],
        [0.1002, 0.1012, 0.1005, 0.1006, 0.0000, 0.1004, 0.1012, 0.1013, 0.1001,
         0.1018],
        [0.0998, 0.1007, 0.1002, 0.1003, 0.1004, 0.0000, 0.1009, 0.1010, 0.0997,
         0.1015],
        [0.1006, 0.1014, 0.1010, 0.1012, 0.1012, 0.1009, 0.0000, 0.1018, 0.1005,
         0.1023],
        [0.1007, 0.1017, 0.1012, 0.1013, 0.1013, 0.1010, 0.1018, 0.0000, 0.1007,
         0.1025],
        [0.0995, 0.1005, 0.0999, 0.1001, 0.1001, 0.0997, 0.1005, 0.1007, 0.0000,
         0.1011],
        [0.1013, 0.1022, 0.1018, 0.1019, 0.1018, 0.1015, 0.1023, 0.1025, 0.1011,
         0.0000]], device='cuda:3', grad_fn=<SubBackward0>)
Contrastive Loss tensor(2.5975e-05, device='cuda:3', grad_fn=<DivBackward0>)
Epoch 18: train_loss: 6.1744 recon_acc: 0.0077 val_roc: 0.5432 val_ap: 0.5456 f1: 0.6684 time: 1.5436
difference_matrix tensor([[0.0000, 0.0864, 0.0860, 0.0860, 0.0861, 0.0858, 0.0865, 0.0866, 0.0856,
         0.0871],
        [0.0864, 0.0000, 0.0867, 0.0869, 0.0870, 0.0866, 0.0872, 0.0874, 0.0864,
         0.0879],
        [0.0860, 0.0867, 0.0000, 0.0864, 0.0864, 0.0861, 0.0869, 0.0870, 0.0859,
         0.0875],
        [0.0860, 0.0869, 0.0864, 0.0000, 0.0866, 0.0863, 0.0870, 0.0871, 0.0861,
         0.0876],
        [0.0861, 0.0870, 0.0864, 0.0866, 0.0000, 0.0863, 0.0871, 0.0871, 0.0861,
         0.0876],
        [0.0858, 0.0866, 0.0861, 0.0863, 0.0863, 0.0000, 0.0868, 0.0869, 0.0857,
         0.0873],
        [0.0865, 0.0872, 0.0869, 0.0870, 0.0871, 0.0868, 0.0000, 0.0876, 0.0865,
         0.0881],
        [0.0866, 0.0874, 0.0870, 0.0871, 0.0871, 0.0869, 0.0876, 0.0000, 0.0866,
         0.0882],
        [0.0856, 0.0864, 0.0859, 0.0861, 0.0861, 0.0857, 0.0865, 0.0866, 0.0000,
         0.0870],
        [0.0871, 0.0879, 0.0875, 0.0876, 0.0876, 0.0873, 0.0881, 0.0882, 0.0870,
         0.0000]], device='cuda:3', grad_fn=<SubBackward0>)
Contrastive Loss tensor(0.0132, device='cuda:3', grad_fn=<DivBackward0>)
Epoch 19: train_loss: 6.3341 recon_acc: 0.0087 val_roc: 0.5460 val_ap: 0.5469 f1: 0.6684 time: 1.5313
          test_roc: 0.4882 test_ap: 0.4847 test_f1: 0.6671 test_recon_acc: 0.0058
difference_matrix tensor([[0.0000, 0.0775, 0.0770, 0.0770, 0.0772, 0.0769, 0.0776, 0.0776, 0.0767,
         0.0781],
        [0.0775, 0.0000, 0.0776, 0.0779, 0.0780, 0.0776, 0.0782, 0.0783, 0.0775,
         0.0788],
        [0.0770, 0.0776, 0.0000, 0.0774, 0.0774, 0.0772, 0.0778, 0.0780, 0.0770,
         0.0784],
        [0.0770, 0.0779, 0.0774, 0.0000, 0.0776, 0.0773, 0.0780, 0.0781, 0.0772,
         0.0786],
        [0.0772, 0.0780, 0.0774, 0.0776, 0.0000, 0.0773, 0.0781, 0.0781, 0.0772,
         0.0785],
        [0.0769, 0.0776, 0.0772, 0.0773, 0.0773, 0.0000, 0.0778, 0.0779, 0.0769,
         0.0782],
        [0.0776, 0.0782, 0.0778, 0.0780, 0.0781, 0.0778, 0.0000, 0.0785, 0.0775,
         0.0790],
        [0.0776, 0.0783, 0.0780, 0.0781, 0.0781, 0.0779, 0.0785, 0.0000, 0.0776,
         0.0791],
        [0.0767, 0.0775, 0.0770, 0.0772, 0.0772, 0.0769, 0.0775, 0.0776, 0.0000,
         0.0780],
        [0.0781, 0.0788, 0.0784, 0.0786, 0.0785, 0.0782, 0.0790, 0.0791, 0.0780,
         0.0000]], device='cuda:3', grad_fn=<SubBackward0>)
Contrastive Loss tensor(0.0222, device='cuda:3', grad_fn=<DivBackward0>)
Epoch 20: train_loss: 6.4484 recon_acc: 0.0090 val_roc: 0.5475 val_ap: 0.5478 f1: 0.6684 time: 1.5660
          test_roc: 0.4873 test_ap: 0.4836 test_f1: 0.6671 test_recon_acc: 0.0054
difference_matrix tensor([[0.0000, 0.0725, 0.0720, 0.0721, 0.0722, 0.0719, 0.0726, 0.0726, 0.0718,
         0.0730],
        [0.0725, 0.0000, 0.0726, 0.0729, 0.0729, 0.0725, 0.0731, 0.0732, 0.0724,
         0.0736],
        [0.0720, 0.0726, 0.0000, 0.0724, 0.0724, 0.0721, 0.0728, 0.0729, 0.0719,
         0.0733],
        [0.0721, 0.0729, 0.0724, 0.0000, 0.0726, 0.0723, 0.0730, 0.0730, 0.0722,
         0.0735],
        [0.0722, 0.0729, 0.0724, 0.0726, 0.0000, 0.0723, 0.0730, 0.0730, 0.0722,
         0.0734],
        [0.0719, 0.0725, 0.0721, 0.0723, 0.0723, 0.0000, 0.0727, 0.0728, 0.0719,
         0.0731],
        [0.0726, 0.0731, 0.0728, 0.0730, 0.0730, 0.0727, 0.0000, 0.0734, 0.0725,
         0.0738],
        [0.0726, 0.0732, 0.0729, 0.0730, 0.0730, 0.0728, 0.0734, 0.0000, 0.0726,
         0.0739],
        [0.0718, 0.0724, 0.0719, 0.0722, 0.0722, 0.0719, 0.0725, 0.0726, 0.0000,
         0.0730],
        [0.0730, 0.0736, 0.0733, 0.0735, 0.0734, 0.0731, 0.0738, 0.0739, 0.0730,
         0.0000]], device='cuda:3', grad_fn=<SubBackward0>)
Contrastive Loss tensor(0.0273, device='cuda:3', grad_fn=<DivBackward0>)
Epoch 21: train_loss: 6.5103 recon_acc: 0.0087 val_roc: 0.5473 val_ap: 0.5471 f1: 0.6684 time: 1.5503
difference_matrix tensor([[0.0000, 0.0705, 0.0701, 0.0702, 0.0703, 0.0700, 0.0707, 0.0707, 0.0699,
         0.0711],
        [0.0705, 0.0000, 0.0706, 0.0709, 0.0710, 0.0706, 0.0712, 0.0713, 0.0705,
         0.0717],
        [0.0701, 0.0706, 0.0000, 0.0705, 0.0705, 0.0702, 0.0708, 0.0709, 0.0700,
         0.0714],
        [0.0702, 0.0709, 0.0705, 0.0000, 0.0706, 0.0704, 0.0711, 0.0711, 0.0703,
         0.0715],
        [0.0703, 0.0710, 0.0705, 0.0706, 0.0000, 0.0704, 0.0711, 0.0711, 0.0703,
         0.0715],
        [0.0700, 0.0706, 0.0702, 0.0704, 0.0704, 0.0000, 0.0708, 0.0709, 0.0700,
         0.0712],
        [0.0707, 0.0712, 0.0708, 0.0711, 0.0711, 0.0708, 0.0000, 0.0715, 0.0706,
         0.0719],
        [0.0707, 0.0713, 0.0709, 0.0711, 0.0711, 0.0709, 0.0715, 0.0000, 0.0707,
         0.0720],
        [0.0699, 0.0705, 0.0700, 0.0703, 0.0703, 0.0700, 0.0706, 0.0707, 0.0000,
         0.0710],
        [0.0711, 0.0717, 0.0714, 0.0715, 0.0715, 0.0712, 0.0719, 0.0720, 0.0710,
         0.0000]], device='cuda:3', grad_fn=<SubBackward0>)
Contrastive Loss tensor(0.0292, device='cuda:3', grad_fn=<DivBackward0>)
Epoch 22: train_loss: 6.5244 recon_acc: 0.0082 val_roc: 0.5454 val_ap: 0.5443 f1: 0.6684 time: 1.4457
difference_matrix tensor([[0.0000, 0.0712, 0.0708, 0.0709, 0.0710, 0.0707, 0.0714, 0.0714, 0.0706,
         0.0718],
        [0.0712, 0.0000, 0.0712, 0.0716, 0.0716, 0.0712, 0.0719, 0.0719, 0.0712,
         0.0723],
        [0.0708, 0.0712, 0.0000, 0.0711, 0.0711, 0.0708, 0.0715, 0.0716, 0.0707,
         0.0720],
        [0.0709, 0.0716, 0.0711, 0.0000, 0.0713, 0.0711, 0.0718, 0.0718, 0.0710,
         0.0722],
        [0.0710, 0.0716, 0.0711, 0.0713, 0.0000, 0.0711, 0.0718, 0.0718, 0.0710,
         0.0721],
        [0.0707, 0.0712, 0.0708, 0.0711, 0.0711, 0.0000, 0.0715, 0.0715, 0.0706,
         0.0718],
        [0.0714, 0.0719, 0.0715, 0.0718, 0.0718, 0.0715, 0.0000, 0.0722, 0.0713,
         0.0726],
        [0.0714, 0.0719, 0.0716, 0.0718, 0.0718, 0.0715, 0.0722, 0.0000, 0.0714,
         0.0726],
        [0.0706, 0.0712, 0.0707, 0.0710, 0.0710, 0.0706, 0.0713, 0.0714, 0.0000,
         0.0717],
        [0.0718, 0.0723, 0.0720, 0.0722, 0.0721, 0.0718, 0.0726, 0.0726, 0.0717,
         0.0000]], device='cuda:3', grad_fn=<SubBackward0>)
Contrastive Loss tensor(0.0285, device='cuda:3', grad_fn=<DivBackward0>)
Epoch 23: train_loss: 6.4970 recon_acc: 0.0077 val_roc: 0.5459 val_ap: 0.5437 f1: 0.6684 time: 1.5468
difference_matrix tensor([[0.0000, 0.0742, 0.0737, 0.0739, 0.0740, 0.0737, 0.0744, 0.0743, 0.0736,
         0.0748],
        [0.0742, 0.0000, 0.0742, 0.0746, 0.0746, 0.0742, 0.0749, 0.0750, 0.0742,
         0.0753],
        [0.0737, 0.0742, 0.0000, 0.0741, 0.0741, 0.0738, 0.0745, 0.0746, 0.0737,
         0.0750],
        [0.0739, 0.0746, 0.0741, 0.0000, 0.0743, 0.0741, 0.0748, 0.0748, 0.0740,
         0.0752],
        [0.0740, 0.0746, 0.0741, 0.0743, 0.0000, 0.0740, 0.0748, 0.0748, 0.0740,
         0.0751],
        [0.0737, 0.0742, 0.0738, 0.0741, 0.0740, 0.0000, 0.0745, 0.0745, 0.0736,
         0.0748],
        [0.0744, 0.0749, 0.0745, 0.0748, 0.0748, 0.0745, 0.0000, 0.0752, 0.0743,
         0.0756],
        [0.0743, 0.0750, 0.0746, 0.0748, 0.0748, 0.0745, 0.0752, 0.0000, 0.0744,
         0.0756],
        [0.0736, 0.0742, 0.0737, 0.0740, 0.0740, 0.0736, 0.0743, 0.0744, 0.0000,
         0.0747],
        [0.0748, 0.0753, 0.0750, 0.0752, 0.0751, 0.0748, 0.0756, 0.0756, 0.0747,
         0.0000]], device='cuda:3', grad_fn=<SubBackward0>)
Contrastive Loss tensor(0.0255, device='cuda:3', grad_fn=<DivBackward0>)
Epoch 24: train_loss: 6.4335 recon_acc: 0.0074 val_roc: 0.5447 val_ap: 0.5428 f1: 0.6684 time: 1.3734
difference_matrix tensor([[0.0000, 0.0794, 0.0789, 0.0791, 0.0792, 0.0789, 0.0796, 0.0795, 0.0787,
         0.0800],
        [0.0794, 0.0000, 0.0794, 0.0798, 0.0798, 0.0794, 0.0801, 0.0802, 0.0794,
         0.0805],
        [0.0789, 0.0794, 0.0000, 0.0793, 0.0793, 0.0789, 0.0797, 0.0798, 0.0788,
         0.0802],
        [0.0791, 0.0798, 0.0793, 0.0000, 0.0796, 0.0793, 0.0801, 0.0800, 0.0792,
         0.0805],
        [0.0792, 0.0798, 0.0793, 0.0796, 0.0000, 0.0792, 0.0801, 0.0800, 0.0792,
         0.0804],
        [0.0789, 0.0794, 0.0789, 0.0793, 0.0792, 0.0000, 0.0798, 0.0797, 0.0788,
         0.0801],
        [0.0796, 0.0801, 0.0797, 0.0801, 0.0801, 0.0798, 0.0000, 0.0805, 0.0795,
         0.0809],
        [0.0795, 0.0802, 0.0798, 0.0800, 0.0800, 0.0797, 0.0805, 0.0000, 0.0796,
         0.0809],
        [0.0787, 0.0794, 0.0788, 0.0792, 0.0792, 0.0788, 0.0795, 0.0796, 0.0000,
         0.0799],
        [0.0800, 0.0805, 0.0802, 0.0805, 0.0804, 0.0801, 0.0809, 0.0809, 0.0799,
         0.0000]], device='cuda:3', grad_fn=<SubBackward0>)
Contrastive Loss tensor(0.0203, device='cuda:3', grad_fn=<DivBackward0>)
Epoch 25: train_loss: 6.3381 recon_acc: 0.0073 val_roc: 0.5452 val_ap: 0.5434 f1: 0.6684 time: 1.4619
difference_matrix tensor([[0.0000, 0.0867, 0.0862, 0.0864, 0.0865, 0.0862, 0.0870, 0.0869, 0.0861,
         0.0874],
        [0.0867, 0.0000, 0.0867, 0.0872, 0.0872, 0.0868, 0.0876, 0.0876, 0.0867,
         0.0879],
        [0.0862, 0.0867, 0.0000, 0.0866, 0.0866, 0.0862, 0.0871, 0.0871, 0.0861,
         0.0875],
        [0.0864, 0.0872, 0.0866, 0.0000, 0.0869, 0.0867, 0.0875, 0.0874, 0.0866,
         0.0879],
        [0.0865, 0.0872, 0.0866, 0.0869, 0.0000, 0.0866, 0.0875, 0.0874, 0.0865,
         0.0878],
        [0.0862, 0.0868, 0.0862, 0.0867, 0.0866, 0.0000, 0.0872, 0.0871, 0.0861,
         0.0874],
        [0.0870, 0.0876, 0.0871, 0.0875, 0.0875, 0.0872, 0.0000, 0.0879, 0.0869,
         0.0883],
        [0.0869, 0.0876, 0.0871, 0.0874, 0.0874, 0.0871, 0.0879, 0.0000, 0.0870,
         0.0883],
        [0.0861, 0.0867, 0.0861, 0.0866, 0.0865, 0.0861, 0.0869, 0.0870, 0.0000,
         0.0873],
        [0.0874, 0.0879, 0.0875, 0.0879, 0.0878, 0.0874, 0.0883, 0.0883, 0.0873,
         0.0000]], device='cuda:3', grad_fn=<SubBackward0>)
Contrastive Loss tensor(0.0130, device='cuda:3', grad_fn=<DivBackward0>)
Epoch 26: train_loss: 6.2149 recon_acc: 0.0302 val_roc: 0.5460 val_ap: 0.5447 f1: 0.6684 time: 1.5648
difference_matrix tensor([[0.0000, 0.0963, 0.0956, 0.0960, 0.0961, 0.0957, 0.0966, 0.0965, 0.0956,
         0.0969],
        [0.0963, 0.0000, 0.0962, 0.0968, 0.0968, 0.0963, 0.0972, 0.0972, 0.0963,
         0.0976],
        [0.0956, 0.0962, 0.0000, 0.0962, 0.0961, 0.0957, 0.0967, 0.0966, 0.0956,
         0.0971],
        [0.0960, 0.0968, 0.0962, 0.0000, 0.0965, 0.0962, 0.0972, 0.0971, 0.0961,
         0.0975],
        [0.0961, 0.0968, 0.0961, 0.0965, 0.0000, 0.0961, 0.0971, 0.0970, 0.0961,
         0.0974],
        [0.0957, 0.0963, 0.0957, 0.0962, 0.0961, 0.0000, 0.0968, 0.0967, 0.0957,
         0.0970],
        [0.0966, 0.0972, 0.0967, 0.0972, 0.0971, 0.0968, 0.0000, 0.0976, 0.0966,
         0.0980],
        [0.0965, 0.0972, 0.0966, 0.0971, 0.0970, 0.0967, 0.0976, 0.0000, 0.0965,
         0.0980],
        [0.0956, 0.0963, 0.0956, 0.0961, 0.0961, 0.0957, 0.0966, 0.0965, 0.0000,
         0.0969],
        [0.0969, 0.0976, 0.0971, 0.0975, 0.0974, 0.0970, 0.0980, 0.0980, 0.0969,
         0.0000]], device='cuda:3', grad_fn=<SubBackward0>)
Contrastive Loss tensor(0.0034, device='cuda:3', grad_fn=<DivBackward0>)
Epoch 27: train_loss: 6.0683 recon_acc: 0.0289 val_roc: 0.5468 val_ap: 0.5462 f1: 0.6684 time: 1.4584
difference_matrix tensor([[0.0000, 0.1080, 0.1073, 0.1076, 0.1077, 0.1074, 0.1084, 0.1082, 0.1073,
         0.1087],
        [0.1080, 0.0000, 0.1079, 0.1086, 0.1085, 0.1081, 0.1090, 0.1089, 0.1080,
         0.1093],
        [0.1073, 0.1079, 0.0000, 0.1078, 0.1077, 0.1074, 0.1084, 0.1083, 0.1072,
         0.1088],
        [0.1076, 0.1086, 0.1078, 0.0000, 0.1083, 0.1080, 0.1090, 0.1088, 0.1079,
         0.1093],
        [0.1077, 0.1085, 0.1077, 0.1083, 0.0000, 0.1078, 0.1089, 0.1087, 0.1078,
         0.1091],
        [0.1074, 0.1081, 0.1074, 0.1080, 0.1078, 0.0000, 0.1086, 0.1084, 0.1073,
         0.1088],
        [0.1084, 0.1090, 0.1084, 0.1090, 0.1089, 0.1086, 0.0000, 0.1094, 0.1083,
         0.1099],
        [0.1082, 0.1089, 0.1083, 0.1088, 0.1087, 0.1084, 0.1094, 0.0000, 0.1082,
         0.1098],
        [0.1073, 0.1080, 0.1072, 0.1079, 0.1078, 0.1073, 0.1083, 0.1082, 0.0000,
         0.1086],
        [0.1087, 0.1093, 0.1088, 0.1093, 0.1091, 0.1088, 0.1099, 0.1098, 0.1086,
         0.0000]], device='cuda:3', grad_fn=<SubBackward0>)
Contrastive Loss tensor(0., device='cuda:3', grad_fn=<DivBackward0>)
Epoch 28: train_loss: 5.9872 recon_acc: 0.0082 val_roc: 0.5468 val_ap: 0.5465 f1: 0.6684 time: 1.3940
difference_matrix tensor([[0.0000, 0.1197, 0.1190, 0.1194, 0.1195, 0.1191, 0.1202, 0.1199, 0.1190,
         0.1205],
        [0.1197, 0.0000, 0.1196, 0.1204, 0.1203, 0.1198, 0.1209, 0.1208, 0.1198,
         0.1212],
        [0.1190, 0.1196, 0.0000, 0.1196, 0.1195, 0.1191, 0.1202, 0.1201, 0.1190,
         0.1206],
        [0.1194, 0.1204, 0.1196, 0.0000, 0.1201, 0.1197, 0.1209, 0.1206, 0.1197,
         0.1212],
        [0.1195, 0.1203, 0.1195, 0.1201, 0.0000, 0.1196, 0.1208, 0.1205, 0.1196,
         0.1210],
        [0.1191, 0.1198, 0.1191, 0.1197, 0.1196, 0.0000, 0.1205, 0.1202, 0.1191,
         0.1206],
        [0.1202, 0.1209, 0.1202, 0.1209, 0.1208, 0.1205, 0.0000, 0.1213, 0.1202,
         0.1218],
        [0.1199, 0.1208, 0.1201, 0.1206, 0.1205, 0.1202, 0.1213, 0.0000, 0.1200,
         0.1216],
        [0.1190, 0.1198, 0.1190, 0.1197, 0.1196, 0.1191, 0.1202, 0.1200, 0.0000,
         0.1204],
        [0.1205, 0.1212, 0.1206, 0.1212, 0.1210, 0.1206, 0.1218, 0.1216, 0.1204,
         0.0000]], device='cuda:3', grad_fn=<SubBackward0>)
Contrastive Loss tensor(0., device='cuda:3', grad_fn=<DivBackward0>)
Epoch 29: train_loss: 5.9519 recon_acc: 0.0083 val_roc: 0.5474 val_ap: 0.5479 f1: 0.6684 time: 1.4646
difference_matrix tensor([[0.0000, 0.1312, 0.1304, 0.1309, 0.1310, 0.1306, 0.1318, 0.1314, 0.1304,
         0.1320],
        [0.1312, 0.0000, 0.1311, 0.1319, 0.1319, 0.1314, 0.1325, 0.1323, 0.1313,
         0.1327],
        [0.1304, 0.1311, 0.0000, 0.1311, 0.1309, 0.1306, 0.1318, 0.1316, 0.1304,
         0.1321],
        [0.1309, 0.1319, 0.1311, 0.0000, 0.1316, 0.1313, 0.1325, 0.1322, 0.1312,
         0.1328],
        [0.1310, 0.1319, 0.1309, 0.1316, 0.0000, 0.1311, 0.1324, 0.1320, 0.1311,
         0.1325],
        [0.1306, 0.1314, 0.1306, 0.1313, 0.1311, 0.0000, 0.1321, 0.1318, 0.1306,
         0.1321],
        [0.1318, 0.1325, 0.1318, 0.1325, 0.1324, 0.1321, 0.0000, 0.1329, 0.1317,
         0.1334],
        [0.1314, 0.1323, 0.1316, 0.1322, 0.1320, 0.1318, 0.1329, 0.0000, 0.1315,
         0.1332],
        [0.1304, 0.1313, 0.1304, 0.1312, 0.1311, 0.1306, 0.1317, 0.1315, 0.0000,
         0.1319],
        [0.1320, 0.1327, 0.1321, 0.1328, 0.1325, 0.1321, 0.1334, 0.1332, 0.1319,
         0.0000]], device='cuda:3', grad_fn=<SubBackward0>)
Contrastive Loss tensor(0., device='cuda:3', grad_fn=<DivBackward0>)
Epoch 30: train_loss: 5.9278 recon_acc: 0.0082 val_roc: 0.5481 val_ap: 0.5490 f1: 0.6684 time: 1.3432
          test_roc: 0.4934 test_ap: 0.4894 test_f1: 0.6667 test_recon_acc: 0.0024
difference_matrix tensor([[0.0000, 0.1421, 0.1413, 0.1418, 0.1419, 0.1415, 0.1428, 0.1423, 0.1413,
         0.1429],
        [0.1421, 0.0000, 0.1420, 0.1429, 0.1428, 0.1423, 0.1435, 0.1433, 0.1423,
         0.1437],
        [0.1413, 0.1420, 0.0000, 0.1420, 0.1418, 0.1415, 0.1428, 0.1426, 0.1413,
         0.1431],
        [0.1418, 0.1429, 0.1420, 0.0000, 0.1426, 0.1422, 0.1436, 0.1432, 0.1422,
         0.1438],
        [0.1419, 0.1428, 0.1418, 0.1426, 0.0000, 0.1420, 0.1434, 0.1430, 0.1420,
         0.1435],
        [0.1415, 0.1423, 0.1415, 0.1422, 0.1420, 0.0000, 0.1431, 0.1427, 0.1415,
         0.1431],
        [0.1428, 0.1435, 0.1428, 0.1436, 0.1434, 0.1431, 0.0000, 0.1439, 0.1427,
         0.1444],
        [0.1423, 0.1433, 0.1426, 0.1432, 0.1430, 0.1427, 0.1439, 0.0000, 0.1425,
         0.1442],
        [0.1413, 0.1423, 0.1413, 0.1422, 0.1420, 0.1415, 0.1427, 0.1425, 0.0000,
         0.1429],
        [0.1429, 0.1437, 0.1431, 0.1438, 0.1435, 0.1431, 0.1444, 0.1442, 0.1429,
         0.0000]], device='cuda:3', grad_fn=<SubBackward0>)
Contrastive Loss tensor(0., device='cuda:3', grad_fn=<DivBackward0>)
Epoch 31: train_loss: 5.9136 recon_acc: 0.0082 val_roc: 0.5491 val_ap: 0.5507 f1: 0.6684 time: 1.5483
          test_roc: 0.4940 test_ap: 0.4904 test_f1: 0.6667 test_recon_acc: 0.0024
difference_matrix tensor([[0.0000, 0.1522, 0.1514, 0.1519, 0.1520, 0.1516, 0.1529, 0.1524, 0.1514,
         0.1530],
        [0.1522, 0.0000, 0.1521, 0.1530, 0.1529, 0.1524, 0.1537, 0.1534, 0.1523,
         0.1538],
        [0.1514, 0.1521, 0.0000, 0.1521, 0.1519, 0.1515, 0.1529, 0.1527, 0.1514,
         0.1531],
        [0.1519, 0.1530, 0.1521, 0.0000, 0.1527, 0.1524, 0.1537, 0.1533, 0.1523,
         0.1539],
        [0.1520, 0.1529, 0.1519, 0.1527, 0.0000, 0.1521, 0.1536, 0.1531, 0.1521,
         0.1536],
        [0.1516, 0.1524, 0.1515, 0.1524, 0.1521, 0.0000, 0.1532, 0.1529, 0.1516,
         0.1532],
        [0.1529, 0.1537, 0.1529, 0.1537, 0.1536, 0.1532, 0.0000, 0.1541, 0.1529,
         0.1546],
        [0.1524, 0.1534, 0.1527, 0.1533, 0.1531, 0.1529, 0.1541, 0.0000, 0.1525,
         0.1543],
        [0.1514, 0.1523, 0.1514, 0.1523, 0.1521, 0.1516, 0.1529, 0.1525, 0.0000,
         0.1529],
        [0.1530, 0.1538, 0.1531, 0.1539, 0.1536, 0.1532, 0.1546, 0.1543, 0.1529,
         0.0000]], device='cuda:3', grad_fn=<SubBackward0>)
Contrastive Loss tensor(0., device='cuda:3', grad_fn=<DivBackward0>)
Epoch 32: train_loss: 5.9069 recon_acc: 0.0082 val_roc: 0.5498 val_ap: 0.5507 f1: 0.6684 time: 1.5513
          test_roc: 0.4947 test_ap: 0.4919 test_f1: 0.6667 test_recon_acc: 0.0024
difference_matrix tensor([[0.0000, 0.1612, 0.1603, 0.1609, 0.1610, 0.1606, 0.1619, 0.1614, 0.1604,
         0.1620],
        [0.1612, 0.0000, 0.1611, 0.1621, 0.1620, 0.1614, 0.1627, 0.1625, 0.1614,
         0.1628],
        [0.1603, 0.1611, 0.0000, 0.1611, 0.1609, 0.1605, 0.1619, 0.1617, 0.1603,
         0.1622],
