difference_matrix tensor([[0.0000, 0.3829, 0.3826, 0.3825, 0.3830, 0.3826, 0.3838, 0.3828, 0.3821,
         0.3837],
        [0.3829, 0.0000, 0.3829, 0.3839, 0.3839, 0.3830, 0.3842, 0.3837, 0.3829,
         0.3842],
        [0.3826, 0.3829, 0.0000, 0.3831, 0.3829, 0.3827, 0.3841, 0.3835, 0.3824,
         0.3841],
        [0.3825, 0.3839, 0.3831, 0.0000, 0.3838, 0.3833, 0.3848, 0.3837, 0.3833,
         0.3844],
        [0.3830, 0.3839, 0.3829, 0.3838, 0.0000, 0.3832, 0.3848, 0.3837, 0.3830,
         0.3841],
        [0.3826, 0.3830, 0.3827, 0.3833, 0.3832, 0.0000, 0.3843, 0.3832, 0.3821,
         0.3837],
        [0.3838, 0.3842, 0.3841, 0.3848, 0.3848, 0.3843, 0.0000, 0.3847, 0.3834,
         0.3852],
        [0.3828, 0.3837, 0.3835, 0.3837, 0.3837, 0.3832, 0.3847, 0.0000, 0.3828,
         0.3846],
        [0.3821, 0.3829, 0.3824, 0.3833, 0.3830, 0.3821, 0.3834, 0.3828, 0.0000,
         0.3834],
        [0.3837, 0.3842, 0.3841, 0.3844, 0.3841, 0.3837, 0.3852, 0.3846, 0.3834,
         0.0000]])
Epoch  1: train_loss: 12.9969 recon_acc: 0.0158 val_roc: 0.5456 val_ap: 0.5571 f1: 0.6675 time: 3.3082
          test_roc: 0.5456 test_ap: 0.5571 test_f1: 0.6675 test_recon_acc: 0.0158
difference_matrix tensor([[0.0000, 0.3784, 0.3782, 0.3780, 0.3786, 0.3781, 0.3793, 0.3783, 0.3775,
         0.3792],
        [0.3784, 0.0000, 0.3786, 0.3795, 0.3797, 0.3786, 0.3797, 0.3793, 0.3784,
         0.3799],
        [0.3782, 0.3786, 0.0000, 0.3788, 0.3787, 0.3783, 0.3796, 0.3792, 0.3780,
         0.3799],
        [0.3780, 0.3795, 0.3788, 0.0000, 0.3796, 0.3789, 0.3803, 0.3793, 0.3787,
         0.3801],
        [0.3786, 0.3797, 0.3787, 0.3796, 0.0000, 0.3790, 0.3805, 0.3795, 0.3786,
         0.3799],
        [0.3781, 0.3786, 0.3783, 0.3789, 0.3790, 0.0000, 0.3799, 0.3788, 0.3776,
         0.3793],
        [0.3793, 0.3797, 0.3796, 0.3803, 0.3805, 0.3799, 0.0000, 0.3803, 0.3788,
         0.3808],
        [0.3783, 0.3793, 0.3792, 0.3793, 0.3795, 0.3788, 0.3803, 0.0000, 0.3783,
         0.3802],
        [0.3775, 0.3784, 0.3780, 0.3787, 0.3786, 0.3776, 0.3788, 0.3783, 0.0000,
         0.3790],
        [0.3792, 0.3799, 0.3799, 0.3801, 0.3799, 0.3793, 0.3808, 0.3802, 0.3790,
         0.0000]])
Epoch  2: train_loss: 12.4805 recon_acc: 0.0163 val_roc: 0.5455 val_ap: 0.5563 f1: 0.6675 time: 3.4405
difference_matrix tensor([[0.0000, 0.3729, 0.3727, 0.3725, 0.3732, 0.3725, 0.3737, 0.3728, 0.3719,
         0.3738],
        [0.3729, 0.0000, 0.3732, 0.3741, 0.3743, 0.3732, 0.3743, 0.3739, 0.3729,
         0.3745],
        [0.3727, 0.3732, 0.0000, 0.3733, 0.3734, 0.3729, 0.3742, 0.3738, 0.3725,
         0.3745],
        [0.3725, 0.3741, 0.3733, 0.0000, 0.3742, 0.3734, 0.3748, 0.3739, 0.3732,
         0.3747],
        [0.3732, 0.3743, 0.3734, 0.3742, 0.0000, 0.3737, 0.3751, 0.3741, 0.3732,
         0.3746],
        [0.3725, 0.3732, 0.3729, 0.3734, 0.3737, 0.0000, 0.3744, 0.3734, 0.3721,
         0.3740],
        [0.3737, 0.3743, 0.3742, 0.3748, 0.3751, 0.3744, 0.0000, 0.3748, 0.3733,
         0.3754],
        [0.3728, 0.3739, 0.3738, 0.3739, 0.3741, 0.3734, 0.3748, 0.0000, 0.3729,
         0.3749],
        [0.3719, 0.3729, 0.3725, 0.3732, 0.3732, 0.3721, 0.3733, 0.3729, 0.0000,
         0.3735],
        [0.3738, 0.3745, 0.3745, 0.3747, 0.3746, 0.3740, 0.3754, 0.3749, 0.3735,
         0.0000]])
Epoch  3: train_loss: 11.9321 recon_acc: 0.0172 val_roc: 0.5452 val_ap: 0.5543 f1: 0.6684 time: 3.2729
difference_matrix tensor([[0.0000, 0.3662, 0.3660, 0.3657, 0.3665, 0.3658, 0.3669, 0.3661, 0.3651,
         0.3671],
        [0.3662, 0.0000, 0.3665, 0.3673, 0.3677, 0.3665, 0.3675, 0.3672, 0.3661,
         0.3678],
        [0.3660, 0.3665, 0.0000, 0.3666, 0.3668, 0.3662, 0.3675, 0.3671, 0.3657,
         0.3679],
        [0.3657, 0.3673, 0.3666, 0.0000, 0.3675, 0.3667, 0.3681, 0.3672, 0.3663,
         0.3680],
        [0.3665, 0.3677, 0.3668, 0.3675, 0.0000, 0.3670, 0.3684, 0.3675, 0.3665,
         0.3680],
        [0.3658, 0.3665, 0.3662, 0.3667, 0.3670, 0.0000, 0.3677, 0.3667, 0.3653,
         0.3673],
        [0.3669, 0.3675, 0.3675, 0.3681, 0.3684, 0.3677, 0.0000, 0.3681, 0.3665,
         0.3687],
        [0.3661, 0.3672, 0.3671, 0.3672, 0.3675, 0.3667, 0.3681, 0.0000, 0.3661,
         0.3683],
        [0.3651, 0.3661, 0.3657, 0.3663, 0.3665, 0.3653, 0.3665, 0.3661, 0.0000,
         0.3667],
        [0.3671, 0.3678, 0.3679, 0.3680, 0.3680, 0.3673, 0.3687, 0.3683, 0.3667,
         0.0000]])
Epoch  4: train_loss: 11.3363 recon_acc: 0.0042 val_roc: 0.5448 val_ap: 0.5528 f1: 0.6684 time: 3.4174
difference_matrix tensor([[0.0000, 0.3581, 0.3579, 0.3576, 0.3583, 0.3576, 0.3587, 0.3580, 0.3568,
         0.3589],
        [0.3581, 0.0000, 0.3584, 0.3592, 0.3595, 0.3584, 0.3594, 0.3591, 0.3579,
         0.3597],
        [0.3579, 0.3584, 0.0000, 0.3585, 0.3586, 0.3581, 0.3594, 0.3590, 0.3575,
         0.3598],
        [0.3576, 0.3592, 0.3585, 0.0000, 0.3592, 0.3586, 0.3599, 0.3591, 0.3581,
         0.3599],
        [0.3583, 0.3595, 0.3586, 0.3592, 0.0000, 0.3588, 0.3602, 0.3593, 0.3582,
         0.3599],
        [0.3576, 0.3584, 0.3581, 0.3586, 0.3588, 0.0000, 0.3596, 0.3587, 0.3571,
         0.3592],
        [0.3587, 0.3594, 0.3594, 0.3599, 0.3602, 0.3596, 0.0000, 0.3600, 0.3582,
         0.3606],
        [0.3580, 0.3591, 0.3590, 0.3591, 0.3593, 0.3587, 0.3600, 0.0000, 0.3579,
         0.3602],
        [0.3568, 0.3579, 0.3575, 0.3581, 0.3582, 0.3571, 0.3582, 0.3579, 0.0000,
         0.3585],
        [0.3589, 0.3597, 0.3598, 0.3599, 0.3599, 0.3592, 0.3606, 0.3602, 0.3585,
         0.0000]])
Epoch  5: train_loss: 10.7066 recon_acc: 0.0154 val_roc: 0.5445 val_ap: 0.5520 f1: 0.6692 time: 3.1632
difference_matrix tensor([[0.0000, 0.3483, 0.3480, 0.3477, 0.3483, 0.3478, 0.3489, 0.3482, 0.3469,
         0.3492],
        [0.3483, 0.0000, 0.3486, 0.3494, 0.3496, 0.3486, 0.3496, 0.3494, 0.3481,
         0.3500],
        [0.3480, 0.3486, 0.0000, 0.3487, 0.3487, 0.3483, 0.3495, 0.3492, 0.3476,
         0.3500],
        [0.3477, 0.3494, 0.3487, 0.0000, 0.3493, 0.3487, 0.3501, 0.3493, 0.3482,
         0.3501],
        [0.3483, 0.3496, 0.3487, 0.3493, 0.0000, 0.3488, 0.3503, 0.3495, 0.3482,
         0.3500],
        [0.3478, 0.3486, 0.3483, 0.3487, 0.3488, 0.0000, 0.3497, 0.3489, 0.3472,
         0.3494],
        [0.3489, 0.3496, 0.3495, 0.3501, 0.3503, 0.3497, 0.0000, 0.3503, 0.3484,
         0.3508],
        [0.3482, 0.3494, 0.3492, 0.3493, 0.3495, 0.3489, 0.3503, 0.0000, 0.3481,
         0.3505],
        [0.3469, 0.3481, 0.3476, 0.3482, 0.3482, 0.3472, 0.3484, 0.3481, 0.0000,
         0.3487],
        [0.3492, 0.3500, 0.3500, 0.3501, 0.3500, 0.3494, 0.3508, 0.3505, 0.3487,
         0.0000]])
Epoch  6: train_loss: 10.0608 recon_acc: 0.0051 val_roc: 0.5435 val_ap: 0.5482 f1: 0.6684 time: 3.1566
difference_matrix tensor([[0.0000, 0.3366, 0.3362, 0.3360, 0.3364, 0.3359, 0.3371, 0.3366, 0.3351,
         0.3374],
        [0.3366, 0.0000, 0.3368, 0.3377, 0.3377, 0.3368, 0.3379, 0.3378, 0.3363,
         0.3383],
        [0.3362, 0.3368, 0.0000, 0.3368, 0.3367, 0.3364, 0.3377, 0.3375, 0.3357,
         0.3382],
        [0.3360, 0.3377, 0.3368, 0.0000, 0.3373, 0.3368, 0.3383, 0.3376, 0.3363,
         0.3384],
        [0.3364, 0.3377, 0.3367, 0.3373, 0.0000, 0.3368, 0.3383, 0.3376, 0.3362,
         0.3381],
        [0.3359, 0.3368, 0.3364, 0.3368, 0.3368, 0.0000, 0.3378, 0.3371, 0.3353,
         0.3376],
        [0.3371, 0.3379, 0.3377, 0.3383, 0.3383, 0.3378, 0.0000, 0.3386, 0.3366,
         0.3391],
        [0.3366, 0.3378, 0.3375, 0.3376, 0.3376, 0.3371, 0.3386, 0.0000, 0.3364,
         0.3389],
        [0.3351, 0.3363, 0.3357, 0.3363, 0.3362, 0.3353, 0.3366, 0.3364, 0.0000,
         0.3369],
        [0.3374, 0.3383, 0.3382, 0.3384, 0.3381, 0.3376, 0.3391, 0.3389, 0.3369,
         0.0000]])
Epoch  7: train_loss: 9.4183 recon_acc: 0.0055 val_roc: 0.5432 val_ap: 0.5463 f1: 0.6692 time: 3.2555
difference_matrix tensor([[0.0000, 0.3226, 0.3220, 0.3219, 0.3221, 0.3217, 0.3230, 0.3226, 0.3211,
         0.3233],
        [0.3226, 0.0000, 0.3228, 0.3237, 0.3236, 0.3228, 0.3239, 0.3239, 0.3224,
         0.3244],
        [0.3220, 0.3228, 0.0000, 0.3227, 0.3224, 0.3221, 0.3236, 0.3234, 0.3216,
         0.3241],
        [0.3219, 0.3237, 0.3227, 0.0000, 0.3230, 0.3226, 0.3242, 0.3236, 0.3223,
         0.3243],
        [0.3221, 0.3236, 0.3224, 0.3230, 0.0000, 0.3224, 0.3240, 0.3234, 0.3220,
         0.3239],
        [0.3217, 0.3228, 0.3221, 0.3226, 0.3224, 0.0000, 0.3236, 0.3230, 0.3212,
         0.3235],
        [0.3230, 0.3239, 0.3236, 0.3242, 0.3240, 0.3236, 0.0000, 0.3245, 0.3226,
         0.3251],
        [0.3226, 0.3239, 0.3234, 0.3236, 0.3234, 0.3230, 0.3245, 0.0000, 0.3225,
         0.3249],
        [0.3211, 0.3224, 0.3216, 0.3223, 0.3220, 0.3212, 0.3226, 0.3225, 0.0000,
         0.3229],
        [0.3233, 0.3244, 0.3241, 0.3243, 0.3239, 0.3235, 0.3251, 0.3249, 0.3229,
         0.0000]])
Epoch  8: train_loss: 8.7994 recon_acc: 0.0061 val_roc: 0.5426 val_ap: 0.5432 f1: 0.6692 time: 3.1316
difference_matrix tensor([[0.0000, 0.3060, 0.3052, 0.3051, 0.3052, 0.3048, 0.3063, 0.3058, 0.3044,
         0.3066],
        [0.3060, 0.0000, 0.3060, 0.3070, 0.3067, 0.3060, 0.3073, 0.3073, 0.3058,
         0.3078],
        [0.3052, 0.3060, 0.0000, 0.3058, 0.3054, 0.3051, 0.3067, 0.3066, 0.3048,
         0.3072],
        [0.3051, 0.3070, 0.3058, 0.0000, 0.3060, 0.3057, 0.3074, 0.3069, 0.3055,
         0.3075],
        [0.3052, 0.3067, 0.3054, 0.3060, 0.0000, 0.3053, 0.3071, 0.3066, 0.3051,
         0.3070],
        [0.3048, 0.3060, 0.3051, 0.3057, 0.3053, 0.0000, 0.3067, 0.3062, 0.3044,
         0.3066],
        [0.3063, 0.3073, 0.3067, 0.3074, 0.3071, 0.3068, 0.0000, 0.3078, 0.3059,
         0.3083],
        [0.3058, 0.3073, 0.3066, 0.3069, 0.3066, 0.3062, 0.3078, 0.0000, 0.3058,
         0.3082],
        [0.3044, 0.3058, 0.3048, 0.3055, 0.3051, 0.3044, 0.3059, 0.3058, 0.0000,
         0.3062],
        [0.3066, 0.3078, 0.3072, 0.3075, 0.3070, 0.3066, 0.3083, 0.3082, 0.3062,
         0.0000]])
Epoch  9: train_loss: 8.2254 recon_acc: 0.0066 val_roc: 0.5417 val_ap: 0.5411 f1: 0.6692 time: 3.2310
difference_matrix tensor([[0.0000, 0.2865, 0.2856, 0.2855, 0.2856, 0.2852, 0.2867, 0.2863, 0.2849,
         0.2871],
        [0.2865, 0.0000, 0.2866, 0.2874, 0.2872, 0.2865, 0.2879, 0.2879, 0.2864,
         0.2884],
        [0.2856, 0.2866, 0.0000, 0.2862, 0.2858, 0.2855, 0.2872, 0.2870, 0.2852,
         0.2877],
        [0.2855, 0.2874, 0.2862, 0.0000, 0.2863, 0.2860, 0.2878, 0.2873, 0.2858,
         0.2880],
        [0.2856, 0.2872, 0.2858, 0.2863, 0.0000, 0.2856, 0.2874, 0.2870, 0.2855,
         0.2874],
        [0.2852, 0.2865, 0.2855, 0.2860, 0.2856, 0.0000, 0.2871, 0.2867, 0.2848,
         0.2871],
        [0.2867, 0.2879, 0.2872, 0.2878, 0.2874, 0.2871, 0.0000, 0.2883, 0.2864,
         0.2889],
        [0.2863, 0.2879, 0.2870, 0.2873, 0.2870, 0.2867, 0.2883, 0.0000, 0.2862,
         0.2887],
        [0.2849, 0.2864, 0.2852, 0.2858, 0.2855, 0.2848, 0.2864, 0.2862, 0.0000,
         0.2867],
        [0.2871, 0.2884, 0.2877, 0.2880, 0.2874, 0.2871, 0.2889, 0.2887, 0.2867,
         0.0000]])
Epoch 10: train_loss: 7.7108 recon_acc: 0.0071 val_roc: 0.5411 val_ap: 0.5378 f1: 0.6692 time: 3.1776
difference_matrix tensor([[0.0000, 0.2644, 0.2635, 0.2634, 0.2635, 0.2631, 0.2646, 0.2643, 0.2627,
         0.2651],
        [0.2644, 0.0000, 0.2645, 0.2654, 0.2652, 0.2645, 0.2658, 0.2658, 0.2643,
         0.2665],
        [0.2635, 0.2645, 0.0000, 0.2641, 0.2638, 0.2635, 0.2651, 0.2650, 0.2631,
         0.2658],
        [0.2634, 0.2654, 0.2641, 0.0000, 0.2643, 0.2640, 0.2656, 0.2652, 0.2637,
         0.2660],
        [0.2635, 0.2652, 0.2638, 0.2643, 0.0000, 0.2636, 0.2654, 0.2650, 0.2634,
         0.2655],
        [0.2631, 0.2645, 0.2635, 0.2640, 0.2636, 0.0000, 0.2650, 0.2647, 0.2627,
         0.2652],
        [0.2646, 0.2658, 0.2651, 0.2656, 0.2654, 0.2650, 0.0000, 0.2662, 0.2643,
         0.2669],
        [0.2643, 0.2658, 0.2650, 0.2652, 0.2650, 0.2647, 0.2662, 0.0000, 0.2642,
         0.2667],
        [0.2627, 0.2643, 0.2631, 0.2637, 0.2634, 0.2627, 0.2643, 0.2642, 0.0000,
         0.2648],
        [0.2651, 0.2665, 0.2658, 0.2660, 0.2655, 0.2652, 0.2669, 0.2667, 0.2648,
         0.0000]])
Epoch 11: train_loss: 7.2651 recon_acc: 0.0081 val_roc: 0.5393 val_ap: 0.5346 f1: 0.6701 time: 3.2291
difference_matrix tensor([[0.0000, 0.2401, 0.2392, 0.2392, 0.2393, 0.2389, 0.2403, 0.2400, 0.2384,
         0.2410],
        [0.2401, 0.0000, 0.2404, 0.2411, 0.2411, 0.2403, 0.2416, 0.2416, 0.2400,
         0.2424],
        [0.2392, 0.2404, 0.0000, 0.2400, 0.2398, 0.2394, 0.2409, 0.2408, 0.2390,
         0.2417],
        [0.2392, 0.2411, 0.2400, 0.0000, 0.2402, 0.2398, 0.2414, 0.2411, 0.2394,
         0.2419],
        [0.2393, 0.2411, 0.2398, 0.2402, 0.0000, 0.2396, 0.2412, 0.2409, 0.2393,
         0.2416],
        [0.2389, 0.2403, 0.2394, 0.2398, 0.2396, 0.0000, 0.2408, 0.2405, 0.2386,
         0.2411],
        [0.2403, 0.2416, 0.2409, 0.2414, 0.2412, 0.2408, 0.0000, 0.2420, 0.2401,
         0.2428],
        [0.2400, 0.2416, 0.2408, 0.2411, 0.2409, 0.2405, 0.2420, 0.0000, 0.2400,
         0.2427],
        [0.2384, 0.2400, 0.2390, 0.2394, 0.2393, 0.2386, 0.2401, 0.2400, 0.0000,
         0.2407],
        [0.2410, 0.2424, 0.2417, 0.2419, 0.2416, 0.2411, 0.2428, 0.2427, 0.2407,
         0.0000]])
Epoch 12: train_loss: 6.8969 recon_acc: 0.0094 val_roc: 0.5381 val_ap: 0.5329 f1: 0.6701 time: 3.3356
difference_matrix tensor([[0.0000, 0.2143, 0.2135, 0.2134, 0.2137, 0.2132, 0.2145, 0.2143, 0.2127,
         0.2153],
        [0.2143, 0.0000, 0.2147, 0.2154, 0.2154, 0.2146, 0.2158, 0.2160, 0.2143,
         0.2167],
        [0.2135, 0.2147, 0.0000, 0.2143, 0.2142, 0.2138, 0.2152, 0.2152, 0.2133,
         0.2161],
        [0.2134, 0.2154, 0.2143, 0.0000, 0.2146, 0.2141, 0.2156, 0.2154, 0.2137,
         0.2163],
        [0.2137, 0.2154, 0.2142, 0.2146, 0.0000, 0.2140, 0.2155, 0.2153, 0.2137,
         0.2161],
        [0.2132, 0.2146, 0.2138, 0.2141, 0.2140, 0.0000, 0.2151, 0.2149, 0.2130,
         0.2156],
        [0.2145, 0.2158, 0.2152, 0.2156, 0.2155, 0.2151, 0.0000, 0.2163, 0.2143,
         0.2171],
        [0.2143, 0.2160, 0.2152, 0.2154, 0.2153, 0.2149, 0.2163, 0.0000, 0.2144,
         0.2171],
        [0.2127, 0.2143, 0.2133, 0.2137, 0.2137, 0.2130, 0.2143, 0.2144, 0.0000,
         0.2151],
        [0.2153, 0.2167, 0.2161, 0.2163, 0.2161, 0.2156, 0.2171, 0.2171, 0.2151,
         0.0000]])
Epoch 13: train_loss: 6.6100 recon_acc: 0.0064 val_roc: 0.5360 val_ap: 0.5462 f1: 0.6684 time: 3.2819
difference_matrix tensor([[0.0000, 0.1881, 0.1873, 0.1872, 0.1875, 0.1870, 0.1882, 0.1881, 0.1865,
         0.1890],
        [0.1881, 0.0000, 0.1886, 0.1891, 0.1892, 0.1884, 0.1895, 0.1897, 0.1881,
         0.1905],
        [0.1873, 0.1886, 0.0000, 0.1882, 0.1881, 0.1877, 0.1889, 0.1890, 0.1871,
         0.1899],
        [0.1872, 0.1891, 0.1882, 0.0000, 0.1884, 0.1879, 0.1893, 0.1892, 0.1875,
         0.1901],
        [0.1875, 0.1892, 0.1881, 0.1884, 0.0000, 0.1879, 0.1892, 0.1892, 0.1875,
         0.1900],
        [0.1870, 0.1884, 0.1877, 0.1879, 0.1879, 0.0000, 0.1888, 0.1888, 0.1868,
         0.1894],
        [0.1882, 0.1895, 0.1889, 0.1893, 0.1892, 0.1888, 0.0000, 0.1900, 0.1881,
         0.1908],
        [0.1881, 0.1897, 0.1890, 0.1892, 0.1892, 0.1888, 0.1900, 0.0000, 0.1882,
         0.1909],
        [0.1865, 0.1881, 0.1871, 0.1875, 0.1875, 0.1868, 0.1881, 0.1882, 0.0000,
         0.1889],
        [0.1890, 0.1905, 0.1899, 0.1901, 0.1900, 0.1894, 0.1908, 0.1909, 0.1889,
         0.0000]])
Epoch 14: train_loss: 6.4032 recon_acc: 0.0063 val_roc: 0.5372 val_ap: 0.5456 f1: 0.6684 time: 3.3045
difference_matrix tensor([[0.0000, 0.1627, 0.1619, 0.1619, 0.1621, 0.1616, 0.1627, 0.1627, 0.1611,
         0.1636],
        [0.1627, 0.0000, 0.1631, 0.1636, 0.1637, 0.1630, 0.1640, 0.1642, 0.1626,
         0.1650],
        [0.1619, 0.1631, 0.0000, 0.1627, 0.1627, 0.1623, 0.1634, 0.1636, 0.1617,
         0.1644],
        [0.1619, 0.1636, 0.1627, 0.0000, 0.1629, 0.1625, 0.1637, 0.1637, 0.1621,
         0.1646],
        [0.1621, 0.1637, 0.1627, 0.1629, 0.0000, 0.1625, 0.1637, 0.1637, 0.1621,
         0.1644],
        [0.1616, 0.1630, 0.1623, 0.1625, 0.1625, 0.0000, 0.1633, 0.1633, 0.1615,
         0.1640],
        [0.1627, 0.1640, 0.1634, 0.1637, 0.1637, 0.1633, 0.0000, 0.1644, 0.1626,
         0.1652],
        [0.1627, 0.1642, 0.1636, 0.1637, 0.1637, 0.1633, 0.1644, 0.0000, 0.1627,
         0.1653],
        [0.1611, 0.1626, 0.1617, 0.1621, 0.1621, 0.1615, 0.1626, 0.1627, 0.0000,
         0.1635],
        [0.1636, 0.1650, 0.1644, 0.1646, 0.1644, 0.1640, 0.1652, 0.1653, 0.1635,
         0.0000]])
Epoch 15: train_loss: 6.2679 recon_acc: 0.0061 val_roc: 0.5379 val_ap: 0.5455 f1: 0.6684 time: 3.2319
difference_matrix tensor([[0.0000, 0.1392, 0.1385, 0.1384, 0.1386, 0.1382, 0.1391, 0.1392, 0.1377,
         0.1400],
        [0.1392, 0.0000, 0.1396, 0.1399, 0.1400, 0.1394, 0.1403, 0.1406, 0.1391,
         0.1412],
        [0.1385, 0.1396, 0.0000, 0.1391, 0.1391, 0.1388, 0.1398, 0.1400, 0.1383,
         0.1407],
        [0.1384, 0.1399, 0.1391, 0.0000, 0.1393, 0.1390, 0.1400, 0.1401, 0.1385,
         0.1408],
        [0.1386, 0.1400, 0.1391, 0.1393, 0.0000, 0.1389, 0.1400, 0.1401, 0.1386,
         0.1408],
        [0.1382, 0.1394, 0.1388, 0.1390, 0.1389, 0.0000, 0.1396, 0.1398, 0.1380,
         0.1403],
        [0.1391, 0.1403, 0.1398, 0.1400, 0.1400, 0.1396, 0.0000, 0.1407, 0.1390,
         0.1414],
        [0.1392, 0.1406, 0.1400, 0.1401, 0.1401, 0.1398, 0.1407, 0.0000, 0.1392,
         0.1416],
        [0.1377, 0.1391, 0.1383, 0.1385, 0.1386, 0.1380, 0.1390, 0.1392, 0.0000,
         0.1398],
        [0.1400, 0.1412, 0.1407, 0.1408, 0.1408, 0.1403, 0.1414, 0.1416, 0.1398,
         0.0000]])
Epoch 16: train_loss: 6.1932 recon_acc: 0.0062 val_roc: 0.5383 val_ap: 0.5444 f1: 0.6684 time: 3.2445
difference_matrix tensor([[0.0000, 0.1183, 0.1177, 0.1176, 0.1179, 0.1175, 0.1183, 0.1184, 0.1171,
         0.1191],
        [0.1183, 0.0000, 0.1187, 0.1190, 0.1191, 0.1186, 0.1193, 0.1196, 0.1183,
         0.1202],
        [0.1177, 0.1187, 0.0000, 0.1183, 0.1183, 0.1180, 0.1189, 0.1191, 0.1175,
         0.1197],
        [0.1176, 0.1190, 0.1183, 0.0000, 0.1184, 0.1181, 0.1190, 0.1191, 0.1177,
         0.1198],
        [0.1179, 0.1191, 0.1183, 0.1184, 0.0000, 0.1181, 0.1191, 0.1192, 0.1178,
         0.1198],
        [0.1175, 0.1186, 0.1180, 0.1181, 0.1181, 0.0000, 0.1187, 0.1189, 0.1173,
         0.1194],
        [0.1183, 0.1193, 0.1189, 0.1190, 0.1191, 0.1187, 0.0000, 0.1197, 0.1182,
         0.1203],
        [0.1184, 0.1196, 0.1191, 0.1191, 0.1192, 0.1189, 0.1197, 0.0000, 0.1184,
         0.1205],
        [0.1171, 0.1183, 0.1175, 0.1177, 0.1178, 0.1173, 0.1182, 0.1184, 0.0000,
         0.1190],
        [0.1191, 0.1202, 0.1197, 0.1198, 0.1198, 0.1194, 0.1203, 0.1205, 0.1190,
         0.0000]])
Epoch 17: train_loss: 6.1665 recon_acc: 0.0067 val_roc: 0.5396 val_ap: 0.5437 f1: 0.6684 time: 3.1900
difference_matrix tensor([[0.0000, 0.1007, 0.1001, 0.1001, 0.1003, 0.0999, 0.1007, 0.1008, 0.0996,
         0.1014],
        [0.1007, 0.0000, 0.1009, 0.1012, 0.1013, 0.1008, 0.1015, 0.1018, 0.1006,
         0.1023],
        [0.1001, 0.1009, 0.0000, 0.1006, 0.1006, 0.1003, 0.1011, 0.1013, 0.1000,
         0.1019],
        [0.1001, 0.1012, 0.1006, 0.0000, 0.1007, 0.1005, 0.1013, 0.1014, 0.1002,
         0.1020],
        [0.1003, 0.1013, 0.1006, 0.1007, 0.0000, 0.1005, 0.1013, 0.1014, 0.1002,
         0.1019],
        [0.0999, 0.1008, 0.1003, 0.1005, 0.1005, 0.0000, 0.1010, 0.1012, 0.0998,
         0.1016],
        [0.1007, 0.1015, 0.1011, 0.1013, 0.1013, 0.1010, 0.0000, 0.1019, 0.1006,
         0.1025],
        [0.1008, 0.1018, 0.1013, 0.1014, 0.1014, 0.1012, 0.1019, 0.0000, 0.1008,
         0.1026],
        [0.0996, 0.1006, 0.1000, 0.1002, 0.1002, 0.0998, 0.1006, 0.1008, 0.0000,
         0.1013],
        [0.1014, 0.1023, 0.1019, 0.1020, 0.1019, 0.1016, 0.1025, 0.1026, 0.1013,
         0.0000]])
Epoch 18: train_loss: 6.1741 recon_acc: 0.0077 val_roc: 0.5432 val_ap: 0.5456 f1: 0.6684 time: 3.2718
difference_matrix tensor([[0.0000, 0.0863, 0.0858, 0.0858, 0.0860, 0.0856, 0.0864, 0.0864, 0.0854,
         0.0869],
        [0.0863, 0.0000, 0.0865, 0.0868, 0.0869, 0.0864, 0.0871, 0.0873, 0.0863,
         0.0877],
        [0.0858, 0.0865, 0.0000, 0.0863, 0.0863, 0.0860, 0.0867, 0.0869, 0.0857,
         0.0874],
        [0.0858, 0.0868, 0.0863, 0.0000, 0.0864, 0.0861, 0.0869, 0.0870, 0.0859,
         0.0875],
        [0.0860, 0.0869, 0.0863, 0.0864, 0.0000, 0.0861, 0.0869, 0.0870, 0.0860,
         0.0875],
        [0.0856, 0.0864, 0.0860, 0.0861, 0.0861, 0.0000, 0.0866, 0.0867, 0.0856,
         0.0871],
        [0.0864, 0.0871, 0.0867, 0.0869, 0.0869, 0.0866, 0.0000, 0.0874, 0.0863,
         0.0879],
        [0.0864, 0.0873, 0.0869, 0.0870, 0.0870, 0.0867, 0.0874, 0.0000, 0.0865,
         0.0880],
        [0.0854, 0.0863, 0.0857, 0.0859, 0.0860, 0.0856, 0.0863, 0.0865, 0.0000,
         0.0869],
        [0.0869, 0.0877, 0.0874, 0.0875, 0.0875, 0.0871, 0.0879, 0.0880, 0.0869,
         0.0000]])
Epoch 19: train_loss: 6.2027 recon_acc: 0.0087 val_roc: 0.5461 val_ap: 0.5468 f1: 0.6684 time: 3.2239
          test_roc: 0.5461 test_ap: 0.5468 test_f1: 0.6684 test_recon_acc: 0.0087
difference_matrix tensor([[0.0000, 0.0751, 0.0746, 0.0747, 0.0748, 0.0745, 0.0752, 0.0752, 0.0743,
         0.0757],
        [0.0751, 0.0000, 0.0752, 0.0755, 0.0756, 0.0752, 0.0758, 0.0759, 0.0751,
         0.0764],
        [0.0746, 0.0752, 0.0000, 0.0750, 0.0751, 0.0748, 0.0755, 0.0756, 0.0746,
         0.0760],
        [0.0747, 0.0755, 0.0751, 0.0000, 0.0752, 0.0749, 0.0756, 0.0757, 0.0748,
         0.0762],
        [0.0748, 0.0756, 0.0751, 0.0752, 0.0000, 0.0749, 0.0757, 0.0757, 0.0748,
         0.0761],
        [0.0745, 0.0752, 0.0748, 0.0749, 0.0749, 0.0000, 0.0754, 0.0755, 0.0744,
         0.0758],
        [0.0752, 0.0758, 0.0755, 0.0756, 0.0757, 0.0754, 0.0000, 0.0761, 0.0751,
         0.0765],
        [0.0752, 0.0759, 0.0756, 0.0757, 0.0757, 0.0755, 0.0761, 0.0000, 0.0752,
         0.0767],
        [0.0743, 0.0751, 0.0746, 0.0748, 0.0748, 0.0744, 0.0751, 0.0752, 0.0000,
         0.0756],
        [0.0757, 0.0764, 0.0760, 0.0762, 0.0761, 0.0758, 0.0765, 0.0767, 0.0756,
         0.0000]])
Epoch 20: train_loss: 6.2398 recon_acc: 0.0092 val_roc: 0.5482 val_ap: 0.5479 f1: 0.6684 time: 3.2352
          test_roc: 0.5482 test_ap: 0.5479 test_f1: 0.6684 test_recon_acc: 0.0092
difference_matrix tensor([[0.0000, 0.0667, 0.0663, 0.0663, 0.0665, 0.0662, 0.0668, 0.0668, 0.0660,
         0.0672],
        [0.0667, 0.0000, 0.0668, 0.0671, 0.0671, 0.0667, 0.0673, 0.0675, 0.0667,
         0.0678],
        [0.0663, 0.0668, 0.0000, 0.0666, 0.0667, 0.0664, 0.0670, 0.0671, 0.0662,
         0.0675],
        [0.0663, 0.0671, 0.0666, 0.0000, 0.0668, 0.0665, 0.0672, 0.0672, 0.0664,
         0.0677],
        [0.0665, 0.0671, 0.0667, 0.0668, 0.0000, 0.0666, 0.0672, 0.0673, 0.0664,
         0.0676],
        [0.0662, 0.0667, 0.0664, 0.0665, 0.0666, 0.0000, 0.0669, 0.0670, 0.0661,
         0.0673],
        [0.0668, 0.0673, 0.0670, 0.0672, 0.0672, 0.0669, 0.0000, 0.0676, 0.0667,
         0.0680],
        [0.0668, 0.0675, 0.0671, 0.0672, 0.0673, 0.0670, 0.0676, 0.0000, 0.0668,
         0.0681],
        [0.0660, 0.0667, 0.0662, 0.0664, 0.0664, 0.0661, 0.0667, 0.0668, 0.0000,
         0.0672],
        [0.0672, 0.0678, 0.0675, 0.0677, 0.0676, 0.0673, 0.0680, 0.0681, 0.0672,
         0.0000]])
Epoch 21: train_loss: 6.2759 recon_acc: 0.0090 val_roc: 0.5486 val_ap: 0.5470 f1: 0.6684 time: 3.2708
          test_roc: 0.5486 test_ap: 0.5470 test_f1: 0.6684 test_recon_acc: 0.0090
difference_matrix tensor([[0.0000, 0.0606, 0.0603, 0.0603, 0.0605, 0.0602, 0.0608, 0.0608, 0.0601,
         0.0612],
        [0.0606, 0.0000, 0.0607, 0.0610, 0.0611, 0.0607, 0.0612, 0.0614, 0.0606,
         0.0617],
        [0.0603, 0.0607, 0.0000, 0.0606, 0.0606, 0.0603, 0.0609, 0.0610, 0.0602,
         0.0614],
        [0.0603, 0.0610, 0.0606, 0.0000, 0.0608, 0.0605, 0.0612, 0.0612, 0.0604,
         0.0616],
        [0.0605, 0.0611, 0.0606, 0.0608, 0.0000, 0.0605, 0.0612, 0.0612, 0.0605,
         0.0615],
        [0.0602, 0.0607, 0.0603, 0.0605, 0.0605, 0.0000, 0.0609, 0.0610, 0.0601,
         0.0612],
        [0.0608, 0.0612, 0.0609, 0.0612, 0.0612, 0.0609, 0.0000, 0.0615, 0.0607,
         0.0619],
        [0.0608, 0.0614, 0.0610, 0.0612, 0.0612, 0.0610, 0.0615, 0.0000, 0.0608,
         0.0620],
        [0.0601, 0.0606, 0.0602, 0.0604, 0.0605, 0.0601, 0.0607, 0.0608, 0.0000,
         0.0611],
        [0.0612, 0.0617, 0.0614, 0.0616, 0.0615, 0.0612, 0.0619, 0.0620, 0.0611,
         0.0000]])
Epoch 22: train_loss: 6.3048 recon_acc: 0.0085 val_roc: 0.5471 val_ap: 0.5448 f1: 0.6684 time: 3.1974
difference_matrix tensor([[0.0000, 0.0566, 0.0562, 0.0563, 0.0565, 0.0562, 0.0568, 0.0568, 0.0561,
         0.0571],
        [0.0566, 0.0000, 0.0567, 0.0570, 0.0570, 0.0566, 0.0572, 0.0573, 0.0566,
         0.0576],
        [0.0562, 0.0567, 0.0000, 0.0566, 0.0566, 0.0563, 0.0569, 0.0570, 0.0562,
         0.0573],
        [0.0563, 0.0570, 0.0566, 0.0000, 0.0568, 0.0565, 0.0571, 0.0571, 0.0564,
         0.0575],
        [0.0565, 0.0570, 0.0566, 0.0568, 0.0000, 0.0565, 0.0571, 0.0571, 0.0565,
         0.0575],
        [0.0562, 0.0566, 0.0563, 0.0565, 0.0565, 0.0000, 0.0568, 0.0569, 0.0561,
         0.0571],
        [0.0568, 0.0572, 0.0569, 0.0571, 0.0571, 0.0568, 0.0000, 0.0575, 0.0567,
         0.0578],
        [0.0568, 0.0573, 0.0570, 0.0571, 0.0572, 0.0569, 0.0575, 0.0000, 0.0568,
         0.0578],
        [0.0561, 0.0566, 0.0562, 0.0564, 0.0565, 0.0561, 0.0567, 0.0568, 0.0000,
         0.0570],
        [0.0571, 0.0576, 0.0573, 0.0575, 0.0575, 0.0571, 0.0578, 0.0578, 0.0570,
         0.0000]])
Epoch 23: train_loss: 6.3237 recon_acc: 0.0080 val_roc: 0.5468 val_ap: 0.5430 f1: 0.6684 time: 3.1912
difference_matrix tensor([[0.0000, 0.0543, 0.0539, 0.0540, 0.0542, 0.0538, 0.0544, 0.0544, 0.0538,
         0.0547],
        [0.0543, 0.0000, 0.0543, 0.0546, 0.0546, 0.0543, 0.0548, 0.0549, 0.0542,
         0.0552],
        [0.0539, 0.0543, 0.0000, 0.0542, 0.0542, 0.0539, 0.0545, 0.0546, 0.0538,
         0.0549],
        [0.0540, 0.0546, 0.0542, 0.0000, 0.0544, 0.0542, 0.0548, 0.0548, 0.0541,
         0.0551],
        [0.0542, 0.0546, 0.0542, 0.0544, 0.0000, 0.0542, 0.0548, 0.0548, 0.0541,
         0.0551],
        [0.0538, 0.0543, 0.0539, 0.0542, 0.0542, 0.0000, 0.0545, 0.0545, 0.0538,
         0.0548],
        [0.0544, 0.0548, 0.0545, 0.0548, 0.0548, 0.0545, 0.0000, 0.0551, 0.0544,
         0.0554],
        [0.0544, 0.0549, 0.0546, 0.0548, 0.0548, 0.0545, 0.0551, 0.0000, 0.0544,
         0.0554],
        [0.0538, 0.0542, 0.0538, 0.0541, 0.0541, 0.0538, 0.0544, 0.0544, 0.0000,
         0.0547],
        [0.0547, 0.0552, 0.0549, 0.0551, 0.0551, 0.0548, 0.0554, 0.0554, 0.0547,
         0.0000]])
Epoch 24: train_loss: 6.3316 recon_acc: 0.0077 val_roc: 0.5463 val_ap: 0.5418 f1: 0.6684 time: 3.2690
difference_matrix tensor([[0.0000, 0.0534, 0.0530, 0.0532, 0.0533, 0.0530, 0.0536, 0.0535, 0.0529,
         0.0538],
        [0.0534, 0.0000, 0.0534, 0.0537, 0.0538, 0.0534, 0.0539, 0.0540, 0.0533,
         0.0542],
        [0.0530, 0.0534, 0.0000, 0.0533, 0.0533, 0.0530, 0.0536, 0.0537, 0.0529,
         0.0540],
        [0.0532, 0.0537, 0.0533, 0.0000, 0.0536, 0.0533, 0.0539, 0.0539, 0.0532,
         0.0542],
        [0.0533, 0.0538, 0.0533, 0.0536, 0.0000, 0.0533, 0.0539, 0.0539, 0.0533,
         0.0542],
        [0.0530, 0.0534, 0.0530, 0.0533, 0.0533, 0.0000, 0.0536, 0.0536, 0.0529,
         0.0539],
        [0.0536, 0.0539, 0.0536, 0.0539, 0.0539, 0.0536, 0.0000, 0.0542, 0.0535,
         0.0545],
        [0.0535, 0.0540, 0.0537, 0.0539, 0.0539, 0.0536, 0.0542, 0.0000, 0.0535,
         0.0545],
        [0.0529, 0.0533, 0.0529, 0.0532, 0.0533, 0.0529, 0.0535, 0.0535, 0.0000,
         0.0538],
        [0.0538, 0.0542, 0.0540, 0.0542, 0.0542, 0.0539, 0.0545, 0.0545, 0.0538,
         0.0000]])
Epoch 25: train_loss: 6.3275 recon_acc: 0.0075 val_roc: 0.5463 val_ap: 0.5409 f1: 0.6684 time: 3.3376
difference_matrix tensor([[0.0000, 0.0538, 0.0534, 0.0536, 0.0537, 0.0534, 0.0541, 0.0540, 0.0533,
         0.0543],
        [0.0538, 0.0000, 0.0538, 0.0541, 0.0542, 0.0538, 0.0544, 0.0544, 0.0538,
         0.0547],
        [0.0534, 0.0538, 0.0000, 0.0537, 0.0537, 0.0534, 0.0541, 0.0541, 0.0533,
         0.0544],
        [0.0536, 0.0541, 0.0537, 0.0000, 0.0540, 0.0537, 0.0544, 0.0543, 0.0537,
         0.0546],
        [0.0537, 0.0542, 0.0537, 0.0540, 0.0000, 0.0537, 0.0544, 0.0543, 0.0537,
         0.0546],
        [0.0534, 0.0538, 0.0534, 0.0537, 0.0537, 0.0000, 0.0541, 0.0541, 0.0533,
         0.0543],
        [0.0541, 0.0544, 0.0541, 0.0544, 0.0544, 0.0541, 0.0000, 0.0547, 0.0540,
         0.0549],
        [0.0540, 0.0544, 0.0541, 0.0543, 0.0543, 0.0541, 0.0547, 0.0000, 0.0540,
         0.0549],
        [0.0533, 0.0538, 0.0533, 0.0537, 0.0537, 0.0533, 0.0540, 0.0540, 0.0000,
         0.0542],
        [0.0543, 0.0547, 0.0544, 0.0546, 0.0546, 0.0543, 0.0549, 0.0549, 0.0542,
         0.0000]])
Epoch 26: train_loss: 6.3116 recon_acc: 0.0077 val_roc: 0.5468 val_ap: 0.5414 f1: 0.6684 time: 3.1970
difference_matrix tensor([[0.0000, 0.0554, 0.0550, 0.0553, 0.0554, 0.0550, 0.0557, 0.0556, 0.0550,
         0.0559],
        [0.0554, 0.0000, 0.0554, 0.0558, 0.0558, 0.0554, 0.0561, 0.0561, 0.0554,
         0.0563],
        [0.0550, 0.0554, 0.0000, 0.0554, 0.0554, 0.0550, 0.0557, 0.0557, 0.0550,
         0.0560],
        [0.0553, 0.0558, 0.0554, 0.0000, 0.0557, 0.0554, 0.0561, 0.0560, 0.0554,
         0.0563],
        [0.0554, 0.0558, 0.0554, 0.0557, 0.0000, 0.0554, 0.0561, 0.0560, 0.0554,
         0.0563],
        [0.0550, 0.0554, 0.0550, 0.0554, 0.0554, 0.0000, 0.0558, 0.0557, 0.0550,
         0.0559],
        [0.0557, 0.0561, 0.0557, 0.0561, 0.0561, 0.0558, 0.0000, 0.0564, 0.0556,
         0.0566],
        [0.0556, 0.0561, 0.0557, 0.0560, 0.0560, 0.0557, 0.0564, 0.0000, 0.0556,
         0.0566],
        [0.0550, 0.0554, 0.0550, 0.0554, 0.0554, 0.0550, 0.0556, 0.0556, 0.0000,
         0.0558],
        [0.0559, 0.0563, 0.0560, 0.0563, 0.0563, 0.0559, 0.0566, 0.0566, 0.0558,
         0.0000]])
Epoch 27: train_loss: 6.2847 recon_acc: 0.0315 val_roc: 0.5475 val_ap: 0.5423 f1: 0.6684 time: 3.1600
difference_matrix tensor([[0.0000, 0.0582, 0.0578, 0.0581, 0.0582, 0.0578, 0.0586, 0.0584, 0.0578,
         0.0587],
        [0.0582, 0.0000, 0.0582, 0.0586, 0.0587, 0.0582, 0.0589, 0.0589, 0.0582,
         0.0591],
        [0.0578, 0.0582, 0.0000, 0.0582, 0.0582, 0.0578, 0.0585, 0.0585, 0.0577,
         0.0588],
        [0.0581, 0.0586, 0.0582, 0.0000, 0.0585, 0.0582, 0.0590, 0.0588, 0.0582,
         0.0591],
        [0.0582, 0.0587, 0.0582, 0.0585, 0.0000, 0.0582, 0.0590, 0.0588, 0.0582,
         0.0591],
        [0.0578, 0.0582, 0.0578, 0.0582, 0.0582, 0.0000, 0.0586, 0.0585, 0.0578,
         0.0587],
        [0.0586, 0.0589, 0.0585, 0.0590, 0.0590, 0.0586, 0.0000, 0.0592, 0.0585,
         0.0595],
        [0.0584, 0.0589, 0.0585, 0.0588, 0.0588, 0.0585, 0.0592, 0.0000, 0.0584,
         0.0594],
        [0.0578, 0.0582, 0.0577, 0.0582, 0.0582, 0.0578, 0.0585, 0.0584, 0.0000,
         0.0586],
        [0.0587, 0.0591, 0.0588, 0.0591, 0.0591, 0.0587, 0.0595, 0.0594, 0.0586,
         0.0000]])
Epoch 28: train_loss: 6.2484 recon_acc: 0.0326 val_roc: 0.5482 val_ap: 0.5430 f1: 0.6684 time: 3.1292
difference_matrix tensor([[0.0000, 0.0622, 0.0617, 0.0620, 0.0621, 0.0617, 0.0625, 0.0623, 0.0617,
         0.0627],
        [0.0622, 0.0000, 0.0621, 0.0626, 0.0626, 0.0622, 0.0629, 0.0628, 0.0622,
         0.0631],
        [0.0617, 0.0621, 0.0000, 0.0621, 0.0621, 0.0617, 0.0625, 0.0624, 0.0616,
         0.0627],
        [0.0620, 0.0626, 0.0621, 0.0000, 0.0625, 0.0622, 0.0630, 0.0628, 0.0621,
         0.0631],
        [0.0621, 0.0626, 0.0621, 0.0625, 0.0000, 0.0621, 0.0629, 0.0628, 0.0621,
         0.0630],
        [0.0617, 0.0622, 0.0617, 0.0622, 0.0621, 0.0000, 0.0626, 0.0625, 0.0617,
         0.0627],
        [0.0625, 0.0629, 0.0625, 0.0630, 0.0629, 0.0626, 0.0000, 0.0632, 0.0625,
         0.0635],
        [0.0623, 0.0628, 0.0624, 0.0628, 0.0628, 0.0625, 0.0632, 0.0000, 0.0624,
         0.0634],
        [0.0617, 0.0622, 0.0616, 0.0621, 0.0621, 0.0617, 0.0625, 0.0624, 0.0000,
         0.0626],
        [0.0627, 0.0631, 0.0627, 0.0631, 0.0630, 0.0627, 0.0635, 0.0634, 0.0626,
         0.0000]])
Epoch 29: train_loss: 6.2049 recon_acc: 0.0329 val_roc: 0.5489 val_ap: 0.5442 f1: 0.6684 time: 3.3863
          test_roc: 0.5489 test_ap: 0.5442 test_f1: 0.6684 test_recon_acc: 0.0329
difference_matrix tensor([[0.0000, 0.0672, 0.0667, 0.0670, 0.0672, 0.0667, 0.0676, 0.0674, 0.0667,
         0.0677],
        [0.0672, 0.0000, 0.0671, 0.0677, 0.0677, 0.0672, 0.0680, 0.0679, 0.0672,
         0.0681],
        [0.0667, 0.0671, 0.0000, 0.0671, 0.0671, 0.0667, 0.0675, 0.0674, 0.0666,
         0.0677],
        [0.0670, 0.0677, 0.0671, 0.0000, 0.0676, 0.0672, 0.0681, 0.0679, 0.0672,
         0.0682],
        [0.0672, 0.0677, 0.0671, 0.0676, 0.0000, 0.0671, 0.0681, 0.0678, 0.0672,
         0.0681],
        [0.0667, 0.0672, 0.0667, 0.0672, 0.0671, 0.0000, 0.0677, 0.0675, 0.0667,
         0.0677],
        [0.0676, 0.0680, 0.0675, 0.0681, 0.0681, 0.0677, 0.0000, 0.0683, 0.0675,
         0.0686],
        [0.0674, 0.0679, 0.0674, 0.0679, 0.0678, 0.0675, 0.0683, 0.0000, 0.0674,
         0.0685],
        [0.0667, 0.0672, 0.0666, 0.0672, 0.0672, 0.0667, 0.0675, 0.0674, 0.0000,
         0.0676],
        [0.0677, 0.0681, 0.0677, 0.0682, 0.0681, 0.0677, 0.0686, 0.0685, 0.0676,
         0.0000]])
Epoch 30: train_loss: 6.1569 recon_acc: 0.0092 val_roc: 0.5500 val_ap: 0.5457 f1: 0.6684 time: 3.2778
          test_roc: 0.5500 test_ap: 0.5457 test_f1: 0.6684 test_recon_acc: 0.0092
difference_matrix tensor([[0.0000, 0.0733, 0.0727, 0.0731, 0.0732, 0.0728, 0.0738, 0.0735, 0.0728,
         0.0738],
        [0.0733, 0.0000, 0.0731, 0.0738, 0.0738, 0.0733, 0.0742, 0.0740, 0.0733,
         0.0743],
        [0.0727, 0.0731, 0.0000, 0.0732, 0.0731, 0.0727, 0.0737, 0.0735, 0.0727,
         0.0738],
        [0.0731, 0.0738, 0.0732, 0.0000, 0.0737, 0.0733, 0.0743, 0.0740, 0.0733,
         0.0744],
        [0.0732, 0.0738, 0.0731, 0.0737, 0.0000, 0.0732, 0.0742, 0.0740, 0.0733,
         0.0742],
        [0.0728, 0.0733, 0.0727, 0.0733, 0.0732, 0.0000, 0.0738, 0.0736, 0.0728,
         0.0738],
        [0.0738, 0.0742, 0.0737, 0.0743, 0.0742, 0.0738, 0.0000, 0.0745, 0.0737,
         0.0748],
        [0.0735, 0.0740, 0.0735, 0.0740, 0.0740, 0.0736, 0.0745, 0.0000, 0.0735,
         0.0746],
        [0.0728, 0.0733, 0.0727, 0.0733, 0.0733, 0.0728, 0.0737, 0.0735, 0.0000,
         0.0737],
        [0.0738, 0.0743, 0.0738, 0.0744, 0.0742, 0.0738, 0.0748, 0.0746, 0.0737,
         0.0000]])
Epoch 31: train_loss: 6.1069 recon_acc: 0.0092 val_roc: 0.5501 val_ap: 0.5465 f1: 0.6684 time: 3.2356
          test_roc: 0.5501 test_ap: 0.5465 test_f1: 0.6684 test_recon_acc: 0.0092
difference_matrix tensor([[0.0000, 0.0803, 0.0797, 0.0802, 0.0803, 0.0799, 0.0809, 0.0806, 0.0798,
         0.0809],
        [0.0803, 0.0000, 0.0802, 0.0809, 0.0809, 0.0804, 0.0814, 0.0812, 0.0804,
         0.0814],
        [0.0797, 0.0802, 0.0000, 0.0803, 0.0802, 0.0798, 0.0808, 0.0806, 0.0797,
         0.0809],
        [0.0802, 0.0809, 0.0803, 0.0000, 0.0808, 0.0804, 0.0815, 0.0812, 0.0804,
         0.0815],
        [0.0803, 0.0809, 0.0802, 0.0808, 0.0000, 0.0803, 0.0814, 0.0811, 0.0804,
         0.0814],
        [0.0799, 0.0804, 0.0798, 0.0804, 0.0803, 0.0000, 0.0810, 0.0807, 0.0798,
         0.0810],
        [0.0809, 0.0814, 0.0808, 0.0815, 0.0814, 0.0810, 0.0000, 0.0817, 0.0808,
         0.0820],
        [0.0806, 0.0812, 0.0806, 0.0812, 0.0811, 0.0807, 0.0817, 0.0000, 0.0806,
         0.0818],
        [0.0798, 0.0804, 0.0797, 0.0804, 0.0804, 0.0798, 0.0808, 0.0806, 0.0000,
         0.0808],
        [0.0809, 0.0814, 0.0809, 0.0815, 0.0814, 0.0810, 0.0820, 0.0818, 0.0808,
         0.0000]])
Epoch 32: train_loss: 6.0574 recon_acc: 0.0092 val_roc: 0.5517 val_ap: 0.5474 f1: 0.6684 time: 3.3620
          test_roc: 0.5517 test_ap: 0.5474 test_f1: 0.6684 test_recon_acc: 0.0092
difference_matrix tensor([[0.0000, 0.0883, 0.0876, 0.0882, 0.0883, 0.0878, 0.0890, 0.0886, 0.0878,
         0.0889],
        [0.0883, 0.0000, 0.0882, 0.0890, 0.0890, 0.0884, 0.0895, 0.0892, 0.0884,
         0.0895],
        [0.0876, 0.0882, 0.0000, 0.0883, 0.0882, 0.0877, 0.0888, 0.0886, 0.0876,
         0.0889],
        [0.0882, 0.0890, 0.0883, 0.0000, 0.0889, 0.0884, 0.0896, 0.0892, 0.0884,
         0.0896],
        [0.0883, 0.0890, 0.0882, 0.0889, 0.0000, 0.0883, 0.0895, 0.0892, 0.0884,
         0.0895],
        [0.0878, 0.0884, 0.0877, 0.0884, 0.0883, 0.0000, 0.0891, 0.0888, 0.0878,
         0.0890],
        [0.0890, 0.0895, 0.0888, 0.0896, 0.0895, 0.0891, 0.0000, 0.0898, 0.0889,
         0.0901],
        [0.0886, 0.0892, 0.0886, 0.0892, 0.0892, 0.0888, 0.0898, 0.0000, 0.0886,
         0.0899],
        [0.0878, 0.0884, 0.0876, 0.0884, 0.0884, 0.0878, 0.0889, 0.0886, 0.0000,
         0.0889],
        [0.0889, 0.0895, 0.0889, 0.0896, 0.0895, 0.0890, 0.0901, 0.0899, 0.0889,
         0.0000]])
Epoch 33: train_loss: 6.0105 recon_acc: 0.0092 val_roc: 0.5531 val_ap: 0.5489 f1: 0.6684 time: 3.2168
          test_roc: 0.5531 test_ap: 0.5489 test_f1: 0.6684 test_recon_acc: 0.0092
difference_matrix tensor([[0.0000, 0.0970, 0.0963, 0.0969, 0.0970, 0.0965, 0.0977, 0.0973, 0.0964,
         0.0977],
        [0.0970, 0.0000, 0.0969, 0.0978, 0.0977, 0.0971, 0.0983, 0.0980, 0.0971,
         0.0983],
        [0.0963, 0.0969, 0.0000, 0.0970, 0.0969, 0.0964, 0.0976, 0.0973, 0.0963,
         0.0976],
        [0.0969, 0.0978, 0.0970, 0.0000, 0.0977, 0.0972, 0.0984, 0.0980, 0.0972,
         0.0984],
        [0.0970, 0.0977, 0.0969, 0.0977, 0.0000, 0.0971, 0.0984, 0.0979, 0.0971,
         0.0983],
        [0.0965, 0.0971, 0.0964, 0.0972, 0.0971, 0.0000, 0.0979, 0.0975, 0.0965,
         0.0978],
        [0.0977, 0.0983, 0.0976, 0.0984, 0.0984, 0.0979, 0.0000, 0.0987, 0.0977,
         0.0990],
        [0.0973, 0.0980, 0.0973, 0.0980, 0.0979, 0.0975, 0.0987, 0.0000, 0.0974,
         0.0987],
        [0.0964, 0.0971, 0.0963, 0.0972, 0.0971, 0.0965, 0.0977, 0.0974, 0.0000,
         0.0976],
        [0.0977, 0.0983, 0.0976, 0.0984, 0.0983, 0.0978, 0.0990, 0.0987, 0.0976,
         0.0000]])
Epoch 34: train_loss: 5.9680 recon_acc: 0.0092 val_roc: 0.5539 val_ap: 0.5498 f1: 0.6684 time: 3.1979
          test_roc: 0.5539 test_ap: 0.5498 test_f1: 0.6684 test_recon_acc: 0.0092
difference_matrix tensor([[0.0000, 0.1063, 0.1055, 0.1062, 0.1063, 0.1058, 0.1070, 0.1065, 0.1056,
         0.1070],
        [0.1063, 0.0000, 0.1061, 0.1071, 0.1071, 0.1064, 0.1077, 0.1073, 0.1064,
         0.1076],
        [0.1055, 0.1061, 0.0000, 0.1062, 0.1061, 0.1056, 0.1069, 0.1066, 0.1055,
         0.1069],
        [0.1062, 0.1071, 0.1062, 0.0000, 0.1070, 0.1065, 0.1078, 0.1074, 0.1065,
         0.1078],
        [0.1063, 0.1071, 0.1061, 0.1070, 0.0000, 0.1064, 0.1077, 0.1073, 0.1064,
         0.1076],
        [0.1058, 0.1064, 0.1056, 0.1065, 0.1064, 0.0000, 0.1072, 0.1068, 0.1057,
         0.1071],
        [0.1070, 0.1077, 0.1069, 0.1078, 0.1077, 0.1072, 0.0000, 0.1081, 0.1070,
         0.1084],
        [0.1065, 0.1073, 0.1066, 0.1074, 0.1073, 0.1068, 0.1081, 0.0000, 0.1066,
         0.1081],
        [0.1056, 0.1064, 0.1055, 0.1065, 0.1064, 0.1057, 0.1070, 0.1066, 0.0000,
         0.1069],
        [0.1070, 0.1076, 0.1069, 0.1078, 0.1076, 0.1071, 0.1084, 0.1081, 0.1069,
         0.0000]])
Epoch 35: train_loss: 5.9311 recon_acc: 0.0093 val_roc: 0.5538 val_ap: 0.5502 f1: 0.6684 time: 3.4897
difference_matrix tensor([[0.0000, 0.1158, 0.1149, 0.1157, 0.1158, 0.1152, 0.1166, 0.1160, 0.1151,
         0.1165],
        [0.1158, 0.0000, 0.1156, 0.1167, 0.1166, 0.1159, 0.1173, 0.1169, 0.1159,
         0.1172],
