difference_matrix tensor([[0.0000, 0.3829, 0.3826, 0.3825, 0.3830, 0.3826, 0.3838, 0.3828, 0.3821,
         0.3837],
        [0.3829, 0.0000, 0.3829, 0.3839, 0.3839, 0.3830, 0.3842, 0.3837, 0.3829,
         0.3842],
        [0.3826, 0.3829, 0.0000, 0.3831, 0.3829, 0.3827, 0.3841, 0.3835, 0.3824,
         0.3841],
        [0.3825, 0.3839, 0.3831, 0.0000, 0.3838, 0.3833, 0.3848, 0.3837, 0.3833,
         0.3844],
        [0.3830, 0.3839, 0.3829, 0.3838, 0.0000, 0.3832, 0.3848, 0.3837, 0.3830,
         0.3841],
        [0.3826, 0.3830, 0.3827, 0.3833, 0.3832, 0.0000, 0.3843, 0.3832, 0.3821,
         0.3837],
        [0.3838, 0.3842, 0.3841, 0.3848, 0.3848, 0.3843, 0.0000, 0.3847, 0.3834,
         0.3852],
        [0.3828, 0.3837, 0.3835, 0.3837, 0.3837, 0.3832, 0.3847, 0.0000, 0.3828,
         0.3846],
        [0.3821, 0.3829, 0.3824, 0.3833, 0.3830, 0.3821, 0.3834, 0.3828, 0.0000,
         0.3834],
        [0.3837, 0.3842, 0.3841, 0.3844, 0.3841, 0.3837, 0.3852, 0.3846, 0.3834,
         0.0000]])
loss matrix tensor([[0.2000, 0.0000, 0.0000, 0.0000, 0.0000, 0.0000, 0.0000, 0.0000, 0.0000,
         0.0000],
        [0.0000, 0.2000, 0.0000, 0.0000, 0.0000, 0.0000, 0.0000, 0.0000, 0.0000,
         0.0000],
        [0.0000, 0.0000, 0.2000, 0.0000, 0.0000, 0.0000, 0.0000, 0.0000, 0.0000,
         0.0000],
        [0.0000, 0.0000, 0.0000, 0.2000, 0.0000, 0.0000, 0.0000, 0.0000, 0.0000,
         0.0000],
        [0.0000, 0.0000, 0.0000, 0.0000, 0.2000, 0.0000, 0.0000, 0.0000, 0.0000,
         0.0000],
        [0.0000, 0.0000, 0.0000, 0.0000, 0.0000, 0.2000, 0.0000, 0.0000, 0.0000,
         0.0000],
        [0.0000, 0.0000, 0.0000, 0.0000, 0.0000, 0.0000, 0.2000, 0.0000, 0.0000,
         0.0000],
        [0.0000, 0.0000, 0.0000, 0.0000, 0.0000, 0.0000, 0.0000, 0.2000, 0.0000,
         0.0000],
        [0.0000, 0.0000, 0.0000, 0.0000, 0.0000, 0.0000, 0.0000, 0.0000, 0.2000,
         0.0000],
        [0.0000, 0.0000, 0.0000, 0.0000, 0.0000, 0.0000, 0.0000, 0.0000, 0.0000,
         0.2000]])
Epoch  1: train_loss: 12.9969 recon_acc: 0.0158 val_roc: 0.5456 val_ap: 0.5571 f1: 0.6675 time: 3.4558
          test_roc: 0.4829 test_ap: 0.4988 test_f1: 0.6667 test_recon_acc: 0.0021
difference_matrix tensor([[0.0000, 0.3784, 0.3782, 0.3780, 0.3786, 0.3781, 0.3793, 0.3783, 0.3775,
         0.3792],
        [0.3784, 0.0000, 0.3786, 0.3795, 0.3797, 0.3786, 0.3797, 0.3793, 0.3784,
         0.3799],
        [0.3782, 0.3786, 0.0000, 0.3788, 0.3787, 0.3783, 0.3796, 0.3792, 0.3780,
         0.3799],
        [0.3780, 0.3795, 0.3788, 0.0000, 0.3796, 0.3789, 0.3803, 0.3793, 0.3787,
         0.3801],
        [0.3786, 0.3797, 0.3787, 0.3796, 0.0000, 0.3790, 0.3805, 0.3795, 0.3786,
         0.3799],
        [0.3781, 0.3786, 0.3783, 0.3789, 0.3790, 0.0000, 0.3799, 0.3788, 0.3776,
         0.3793],
        [0.3793, 0.3797, 0.3796, 0.3803, 0.3805, 0.3799, 0.0000, 0.3803, 0.3788,
         0.3808],
        [0.3783, 0.3793, 0.3792, 0.3793, 0.3795, 0.3788, 0.3803, 0.0000, 0.3783,
         0.3802],
        [0.3775, 0.3784, 0.3780, 0.3787, 0.3786, 0.3776, 0.3788, 0.3783, 0.0000,
         0.3790],
        [0.3792, 0.3799, 0.3799, 0.3801, 0.3799, 0.3793, 0.3808, 0.3802, 0.3790,
         0.0000]])
loss matrix tensor([[0.2000, 0.0000, 0.0000, 0.0000, 0.0000, 0.0000, 0.0000, 0.0000, 0.0000,
         0.0000],
        [0.0000, 0.2000, 0.0000, 0.0000, 0.0000, 0.0000, 0.0000, 0.0000, 0.0000,
         0.0000],
        [0.0000, 0.0000, 0.2000, 0.0000, 0.0000, 0.0000, 0.0000, 0.0000, 0.0000,
         0.0000],
        [0.0000, 0.0000, 0.0000, 0.2000, 0.0000, 0.0000, 0.0000, 0.0000, 0.0000,
         0.0000],
        [0.0000, 0.0000, 0.0000, 0.0000, 0.2000, 0.0000, 0.0000, 0.0000, 0.0000,
         0.0000],
        [0.0000, 0.0000, 0.0000, 0.0000, 0.0000, 0.2000, 0.0000, 0.0000, 0.0000,
         0.0000],
        [0.0000, 0.0000, 0.0000, 0.0000, 0.0000, 0.0000, 0.2000, 0.0000, 0.0000,
         0.0000],
        [0.0000, 0.0000, 0.0000, 0.0000, 0.0000, 0.0000, 0.0000, 0.2000, 0.0000,
         0.0000],
        [0.0000, 0.0000, 0.0000, 0.0000, 0.0000, 0.0000, 0.0000, 0.0000, 0.2000,
         0.0000],
        [0.0000, 0.0000, 0.0000, 0.0000, 0.0000, 0.0000, 0.0000, 0.0000, 0.0000,
         0.2000]])
Epoch  2: train_loss: 12.4805 recon_acc: 0.0163 val_roc: 0.5455 val_ap: 0.5563 f1: 0.6675 time: 3.6031
difference_matrix tensor([[0.0000, 0.3729, 0.3727, 0.3725, 0.3732, 0.3725, 0.3737, 0.3728, 0.3719,
         0.3738],
        [0.3729, 0.0000, 0.3732, 0.3741, 0.3743, 0.3732, 0.3743, 0.3739, 0.3729,
         0.3745],
        [0.3727, 0.3732, 0.0000, 0.3733, 0.3734, 0.3729, 0.3742, 0.3738, 0.3725,
         0.3745],
        [0.3725, 0.3741, 0.3733, 0.0000, 0.3742, 0.3734, 0.3748, 0.3739, 0.3732,
         0.3747],
        [0.3732, 0.3743, 0.3734, 0.3742, 0.0000, 0.3737, 0.3751, 0.3741, 0.3732,
         0.3746],
        [0.3725, 0.3732, 0.3729, 0.3734, 0.3737, 0.0000, 0.3744, 0.3734, 0.3721,
         0.3740],
        [0.3737, 0.3743, 0.3742, 0.3748, 0.3751, 0.3744, 0.0000, 0.3748, 0.3733,
         0.3754],
        [0.3728, 0.3739, 0.3738, 0.3739, 0.3741, 0.3734, 0.3748, 0.0000, 0.3729,
         0.3749],
        [0.3719, 0.3729, 0.3725, 0.3732, 0.3732, 0.3721, 0.3733, 0.3729, 0.0000,
         0.3735],
        [0.3738, 0.3745, 0.3745, 0.3747, 0.3746, 0.3740, 0.3754, 0.3749, 0.3735,
         0.0000]])
loss matrix tensor([[0.2000, 0.0000, 0.0000, 0.0000, 0.0000, 0.0000, 0.0000, 0.0000, 0.0000,
         0.0000],
        [0.0000, 0.2000, 0.0000, 0.0000, 0.0000, 0.0000, 0.0000, 0.0000, 0.0000,
         0.0000],
        [0.0000, 0.0000, 0.2000, 0.0000, 0.0000, 0.0000, 0.0000, 0.0000, 0.0000,
         0.0000],
        [0.0000, 0.0000, 0.0000, 0.2000, 0.0000, 0.0000, 0.0000, 0.0000, 0.0000,
         0.0000],
        [0.0000, 0.0000, 0.0000, 0.0000, 0.2000, 0.0000, 0.0000, 0.0000, 0.0000,
         0.0000],
        [0.0000, 0.0000, 0.0000, 0.0000, 0.0000, 0.2000, 0.0000, 0.0000, 0.0000,
         0.0000],
        [0.0000, 0.0000, 0.0000, 0.0000, 0.0000, 0.0000, 0.2000, 0.0000, 0.0000,
         0.0000],
        [0.0000, 0.0000, 0.0000, 0.0000, 0.0000, 0.0000, 0.0000, 0.2000, 0.0000,
         0.0000],
        [0.0000, 0.0000, 0.0000, 0.0000, 0.0000, 0.0000, 0.0000, 0.0000, 0.2000,
         0.0000],
        [0.0000, 0.0000, 0.0000, 0.0000, 0.0000, 0.0000, 0.0000, 0.0000, 0.0000,
         0.2000]])
Epoch  3: train_loss: 11.9321 recon_acc: 0.0172 val_roc: 0.5452 val_ap: 0.5543 f1: 0.6684 time: 3.4311
difference_matrix tensor([[0.0000, 0.3662, 0.3660, 0.3657, 0.3665, 0.3658, 0.3669, 0.3661, 0.3651,
         0.3671],
        [0.3662, 0.0000, 0.3665, 0.3673, 0.3677, 0.3665, 0.3675, 0.3672, 0.3661,
         0.3678],
        [0.3660, 0.3665, 0.0000, 0.3666, 0.3668, 0.3662, 0.3675, 0.3671, 0.3657,
         0.3679],
        [0.3657, 0.3673, 0.3666, 0.0000, 0.3675, 0.3667, 0.3681, 0.3672, 0.3663,
         0.3680],
        [0.3665, 0.3677, 0.3668, 0.3675, 0.0000, 0.3670, 0.3684, 0.3675, 0.3665,
         0.3680],
        [0.3658, 0.3665, 0.3662, 0.3667, 0.3670, 0.0000, 0.3677, 0.3667, 0.3653,
         0.3673],
        [0.3669, 0.3675, 0.3675, 0.3681, 0.3684, 0.3677, 0.0000, 0.3681, 0.3665,
         0.3687],
        [0.3661, 0.3672, 0.3671, 0.3672, 0.3675, 0.3667, 0.3681, 0.0000, 0.3661,
         0.3683],
        [0.3651, 0.3661, 0.3657, 0.3663, 0.3665, 0.3653, 0.3665, 0.3661, 0.0000,
         0.3667],
        [0.3671, 0.3678, 0.3679, 0.3680, 0.3680, 0.3673, 0.3687, 0.3683, 0.3667,
         0.0000]])
loss matrix tensor([[0.2000, 0.0000, 0.0000, 0.0000, 0.0000, 0.0000, 0.0000, 0.0000, 0.0000,
         0.0000],
        [0.0000, 0.2000, 0.0000, 0.0000, 0.0000, 0.0000, 0.0000, 0.0000, 0.0000,
         0.0000],
        [0.0000, 0.0000, 0.2000, 0.0000, 0.0000, 0.0000, 0.0000, 0.0000, 0.0000,
         0.0000],
        [0.0000, 0.0000, 0.0000, 0.2000, 0.0000, 0.0000, 0.0000, 0.0000, 0.0000,
         0.0000],
        [0.0000, 0.0000, 0.0000, 0.0000, 0.2000, 0.0000, 0.0000, 0.0000, 0.0000,
         0.0000],
        [0.0000, 0.0000, 0.0000, 0.0000, 0.0000, 0.2000, 0.0000, 0.0000, 0.0000,
         0.0000],
        [0.0000, 0.0000, 0.0000, 0.0000, 0.0000, 0.0000, 0.2000, 0.0000, 0.0000,
         0.0000],
        [0.0000, 0.0000, 0.0000, 0.0000, 0.0000, 0.0000, 0.0000, 0.2000, 0.0000,
         0.0000],
        [0.0000, 0.0000, 0.0000, 0.0000, 0.0000, 0.0000, 0.0000, 0.0000, 0.2000,
         0.0000],
        [0.0000, 0.0000, 0.0000, 0.0000, 0.0000, 0.0000, 0.0000, 0.0000, 0.0000,
         0.2000]])
Epoch  4: train_loss: 11.3363 recon_acc: 0.0042 val_roc: 0.5448 val_ap: 0.5528 f1: 0.6684 time: 3.5005
difference_matrix tensor([[0.0000, 0.3581, 0.3579, 0.3576, 0.3583, 0.3576, 0.3587, 0.3580, 0.3568,
         0.3589],
        [0.3581, 0.0000, 0.3584, 0.3592, 0.3595, 0.3584, 0.3594, 0.3591, 0.3579,
         0.3597],
        [0.3579, 0.3584, 0.0000, 0.3585, 0.3586, 0.3581, 0.3594, 0.3590, 0.3575,
         0.3598],
        [0.3576, 0.3592, 0.3585, 0.0000, 0.3592, 0.3586, 0.3599, 0.3591, 0.3581,
         0.3599],
        [0.3583, 0.3595, 0.3586, 0.3592, 0.0000, 0.3588, 0.3602, 0.3593, 0.3582,
         0.3599],
        [0.3576, 0.3584, 0.3581, 0.3586, 0.3588, 0.0000, 0.3596, 0.3587, 0.3571,
         0.3592],
        [0.3587, 0.3594, 0.3594, 0.3599, 0.3602, 0.3596, 0.0000, 0.3600, 0.3582,
         0.3606],
        [0.3580, 0.3591, 0.3590, 0.3591, 0.3593, 0.3587, 0.3600, 0.0000, 0.3579,
         0.3602],
        [0.3568, 0.3579, 0.3575, 0.3581, 0.3582, 0.3571, 0.3582, 0.3579, 0.0000,
         0.3585],
        [0.3589, 0.3597, 0.3598, 0.3599, 0.3599, 0.3592, 0.3606, 0.3602, 0.3585,
         0.0000]])
loss matrix tensor([[0.2000, 0.0000, 0.0000, 0.0000, 0.0000, 0.0000, 0.0000, 0.0000, 0.0000,
         0.0000],
        [0.0000, 0.2000, 0.0000, 0.0000, 0.0000, 0.0000, 0.0000, 0.0000, 0.0000,
         0.0000],
        [0.0000, 0.0000, 0.2000, 0.0000, 0.0000, 0.0000, 0.0000, 0.0000, 0.0000,
         0.0000],
        [0.0000, 0.0000, 0.0000, 0.2000, 0.0000, 0.0000, 0.0000, 0.0000, 0.0000,
         0.0000],
        [0.0000, 0.0000, 0.0000, 0.0000, 0.2000, 0.0000, 0.0000, 0.0000, 0.0000,
         0.0000],
        [0.0000, 0.0000, 0.0000, 0.0000, 0.0000, 0.2000, 0.0000, 0.0000, 0.0000,
         0.0000],
        [0.0000, 0.0000, 0.0000, 0.0000, 0.0000, 0.0000, 0.2000, 0.0000, 0.0000,
         0.0000],
        [0.0000, 0.0000, 0.0000, 0.0000, 0.0000, 0.0000, 0.0000, 0.2000, 0.0000,
         0.0000],
        [0.0000, 0.0000, 0.0000, 0.0000, 0.0000, 0.0000, 0.0000, 0.0000, 0.2000,
         0.0000],
        [0.0000, 0.0000, 0.0000, 0.0000, 0.0000, 0.0000, 0.0000, 0.0000, 0.0000,
         0.2000]])
Epoch  5: train_loss: 10.7066 recon_acc: 0.0154 val_roc: 0.5445 val_ap: 0.5520 f1: 0.6692 time: 3.2536
difference_matrix tensor([[0.0000, 0.3483, 0.3480, 0.3477, 0.3483, 0.3478, 0.3489, 0.3482, 0.3469,
         0.3492],
        [0.3483, 0.0000, 0.3486, 0.3494, 0.3496, 0.3486, 0.3496, 0.3494, 0.3481,
         0.3500],
        [0.3480, 0.3486, 0.0000, 0.3487, 0.3487, 0.3483, 0.3495, 0.3492, 0.3476,
         0.3500],
        [0.3477, 0.3494, 0.3487, 0.0000, 0.3493, 0.3487, 0.3501, 0.3493, 0.3482,
         0.3501],
        [0.3483, 0.3496, 0.3487, 0.3493, 0.0000, 0.3488, 0.3503, 0.3495, 0.3482,
         0.3500],
        [0.3478, 0.3486, 0.3483, 0.3487, 0.3488, 0.0000, 0.3497, 0.3489, 0.3472,
         0.3494],
        [0.3489, 0.3496, 0.3495, 0.3501, 0.3503, 0.3497, 0.0000, 0.3503, 0.3484,
         0.3508],
        [0.3482, 0.3494, 0.3492, 0.3493, 0.3495, 0.3489, 0.3503, 0.0000, 0.3481,
         0.3505],
        [0.3469, 0.3481, 0.3476, 0.3482, 0.3482, 0.3472, 0.3484, 0.3481, 0.0000,
         0.3487],
        [0.3492, 0.3500, 0.3500, 0.3501, 0.3500, 0.3494, 0.3508, 0.3505, 0.3487,
         0.0000]])
loss matrix tensor([[0.2000, 0.0000, 0.0000, 0.0000, 0.0000, 0.0000, 0.0000, 0.0000, 0.0000,
         0.0000],
        [0.0000, 0.2000, 0.0000, 0.0000, 0.0000, 0.0000, 0.0000, 0.0000, 0.0000,
         0.0000],
        [0.0000, 0.0000, 0.2000, 0.0000, 0.0000, 0.0000, 0.0000, 0.0000, 0.0000,
         0.0000],
        [0.0000, 0.0000, 0.0000, 0.2000, 0.0000, 0.0000, 0.0000, 0.0000, 0.0000,
         0.0000],
        [0.0000, 0.0000, 0.0000, 0.0000, 0.2000, 0.0000, 0.0000, 0.0000, 0.0000,
         0.0000],
        [0.0000, 0.0000, 0.0000, 0.0000, 0.0000, 0.2000, 0.0000, 0.0000, 0.0000,
         0.0000],
        [0.0000, 0.0000, 0.0000, 0.0000, 0.0000, 0.0000, 0.2000, 0.0000, 0.0000,
         0.0000],
        [0.0000, 0.0000, 0.0000, 0.0000, 0.0000, 0.0000, 0.0000, 0.2000, 0.0000,
         0.0000],
        [0.0000, 0.0000, 0.0000, 0.0000, 0.0000, 0.0000, 0.0000, 0.0000, 0.2000,
         0.0000],
        [0.0000, 0.0000, 0.0000, 0.0000, 0.0000, 0.0000, 0.0000, 0.0000, 0.0000,
         0.2000]])
Epoch  6: train_loss: 10.0608 recon_acc: 0.0051 val_roc: 0.5435 val_ap: 0.5482 f1: 0.6684 time: 3.4293
difference_matrix tensor([[0.0000, 0.3366, 0.3362, 0.3360, 0.3364, 0.3359, 0.3371, 0.3366, 0.3351,
         0.3374],
        [0.3366, 0.0000, 0.3368, 0.3377, 0.3377, 0.3368, 0.3379, 0.3378, 0.3363,
         0.3383],
        [0.3362, 0.3368, 0.0000, 0.3368, 0.3367, 0.3364, 0.3377, 0.3375, 0.3357,
         0.3382],
        [0.3360, 0.3377, 0.3368, 0.0000, 0.3373, 0.3368, 0.3383, 0.3376, 0.3363,
         0.3384],
        [0.3364, 0.3377, 0.3367, 0.3373, 0.0000, 0.3368, 0.3383, 0.3376, 0.3362,
         0.3381],
        [0.3359, 0.3368, 0.3364, 0.3368, 0.3368, 0.0000, 0.3378, 0.3371, 0.3353,
         0.3376],
        [0.3371, 0.3379, 0.3377, 0.3383, 0.3383, 0.3378, 0.0000, 0.3386, 0.3366,
         0.3391],
        [0.3366, 0.3378, 0.3375, 0.3376, 0.3376, 0.3371, 0.3386, 0.0000, 0.3364,
         0.3389],
        [0.3351, 0.3363, 0.3357, 0.3363, 0.3362, 0.3353, 0.3366, 0.3364, 0.0000,
         0.3369],
        [0.3374, 0.3383, 0.3382, 0.3384, 0.3381, 0.3376, 0.3391, 0.3389, 0.3369,
         0.0000]])
loss matrix tensor([[0.2000, 0.0000, 0.0000, 0.0000, 0.0000, 0.0000, 0.0000, 0.0000, 0.0000,
         0.0000],
        [0.0000, 0.2000, 0.0000, 0.0000, 0.0000, 0.0000, 0.0000, 0.0000, 0.0000,
         0.0000],
        [0.0000, 0.0000, 0.2000, 0.0000, 0.0000, 0.0000, 0.0000, 0.0000, 0.0000,
         0.0000],
        [0.0000, 0.0000, 0.0000, 0.2000, 0.0000, 0.0000, 0.0000, 0.0000, 0.0000,
         0.0000],
        [0.0000, 0.0000, 0.0000, 0.0000, 0.2000, 0.0000, 0.0000, 0.0000, 0.0000,
         0.0000],
        [0.0000, 0.0000, 0.0000, 0.0000, 0.0000, 0.2000, 0.0000, 0.0000, 0.0000,
         0.0000],
        [0.0000, 0.0000, 0.0000, 0.0000, 0.0000, 0.0000, 0.2000, 0.0000, 0.0000,
         0.0000],
        [0.0000, 0.0000, 0.0000, 0.0000, 0.0000, 0.0000, 0.0000, 0.2000, 0.0000,
         0.0000],
        [0.0000, 0.0000, 0.0000, 0.0000, 0.0000, 0.0000, 0.0000, 0.0000, 0.2000,
         0.0000],
        [0.0000, 0.0000, 0.0000, 0.0000, 0.0000, 0.0000, 0.0000, 0.0000, 0.0000,
         0.2000]])
Epoch  7: train_loss: 9.4183 recon_acc: 0.0055 val_roc: 0.5432 val_ap: 0.5463 f1: 0.6692 time: 3.3300
difference_matrix tensor([[0.0000, 0.3226, 0.3220, 0.3219, 0.3221, 0.3217, 0.3230, 0.3226, 0.3211,
         0.3233],
        [0.3226, 0.0000, 0.3228, 0.3237, 0.3236, 0.3228, 0.3239, 0.3239, 0.3224,
         0.3244],
        [0.3220, 0.3228, 0.0000, 0.3227, 0.3224, 0.3221, 0.3236, 0.3234, 0.3216,
         0.3241],
        [0.3219, 0.3237, 0.3227, 0.0000, 0.3230, 0.3226, 0.3242, 0.3236, 0.3223,
         0.3243],
        [0.3221, 0.3236, 0.3224, 0.3230, 0.0000, 0.3224, 0.3240, 0.3234, 0.3220,
         0.3239],
        [0.3217, 0.3228, 0.3221, 0.3226, 0.3224, 0.0000, 0.3236, 0.3230, 0.3212,
         0.3235],
        [0.3230, 0.3239, 0.3236, 0.3242, 0.3240, 0.3236, 0.0000, 0.3245, 0.3226,
         0.3251],
        [0.3226, 0.3239, 0.3234, 0.3236, 0.3234, 0.3230, 0.3245, 0.0000, 0.3225,
         0.3249],
        [0.3211, 0.3224, 0.3216, 0.3223, 0.3220, 0.3212, 0.3226, 0.3225, 0.0000,
         0.3229],
        [0.3233, 0.3244, 0.3241, 0.3243, 0.3239, 0.3235, 0.3251, 0.3249, 0.3229,
         0.0000]])
loss matrix tensor([[0.2000, 0.0000, 0.0000, 0.0000, 0.0000, 0.0000, 0.0000, 0.0000, 0.0000,
         0.0000],
        [0.0000, 0.2000, 0.0000, 0.0000, 0.0000, 0.0000, 0.0000, 0.0000, 0.0000,
         0.0000],
        [0.0000, 0.0000, 0.2000, 0.0000, 0.0000, 0.0000, 0.0000, 0.0000, 0.0000,
         0.0000],
        [0.0000, 0.0000, 0.0000, 0.2000, 0.0000, 0.0000, 0.0000, 0.0000, 0.0000,
         0.0000],
        [0.0000, 0.0000, 0.0000, 0.0000, 0.2000, 0.0000, 0.0000, 0.0000, 0.0000,
         0.0000],
        [0.0000, 0.0000, 0.0000, 0.0000, 0.0000, 0.2000, 0.0000, 0.0000, 0.0000,
         0.0000],
        [0.0000, 0.0000, 0.0000, 0.0000, 0.0000, 0.0000, 0.2000, 0.0000, 0.0000,
         0.0000],
        [0.0000, 0.0000, 0.0000, 0.0000, 0.0000, 0.0000, 0.0000, 0.2000, 0.0000,
         0.0000],
        [0.0000, 0.0000, 0.0000, 0.0000, 0.0000, 0.0000, 0.0000, 0.0000, 0.2000,
         0.0000],
        [0.0000, 0.0000, 0.0000, 0.0000, 0.0000, 0.0000, 0.0000, 0.0000, 0.0000,
         0.2000]])
Epoch  8: train_loss: 8.7994 recon_acc: 0.0061 val_roc: 0.5426 val_ap: 0.5432 f1: 0.6692 time: 3.3572
difference_matrix tensor([[0.0000, 0.3060, 0.3052, 0.3051, 0.3052, 0.3048, 0.3063, 0.3058, 0.3044,
         0.3066],
        [0.3060, 0.0000, 0.3060, 0.3070, 0.3067, 0.3060, 0.3073, 0.3073, 0.3058,
         0.3078],
        [0.3052, 0.3060, 0.0000, 0.3058, 0.3054, 0.3051, 0.3067, 0.3066, 0.3048,
         0.3072],
        [0.3051, 0.3070, 0.3058, 0.0000, 0.3060, 0.3057, 0.3074, 0.3069, 0.3055,
         0.3075],
        [0.3052, 0.3067, 0.3054, 0.3060, 0.0000, 0.3053, 0.3071, 0.3066, 0.3051,
         0.3070],
        [0.3048, 0.3060, 0.3051, 0.3057, 0.3053, 0.0000, 0.3067, 0.3062, 0.3044,
         0.3066],
        [0.3063, 0.3073, 0.3067, 0.3074, 0.3071, 0.3068, 0.0000, 0.3078, 0.3059,
         0.3083],
        [0.3058, 0.3073, 0.3066, 0.3069, 0.3066, 0.3062, 0.3078, 0.0000, 0.3058,
         0.3082],
        [0.3044, 0.3058, 0.3048, 0.3055, 0.3051, 0.3044, 0.3059, 0.3058, 0.0000,
         0.3062],
        [0.3066, 0.3078, 0.3072, 0.3075, 0.3070, 0.3066, 0.3083, 0.3082, 0.3062,
         0.0000]])
loss matrix tensor([[0.2000, 0.0000, 0.0000, 0.0000, 0.0000, 0.0000, 0.0000, 0.0000, 0.0000,
         0.0000],
        [0.0000, 0.2000, 0.0000, 0.0000, 0.0000, 0.0000, 0.0000, 0.0000, 0.0000,
         0.0000],
        [0.0000, 0.0000, 0.2000, 0.0000, 0.0000, 0.0000, 0.0000, 0.0000, 0.0000,
         0.0000],
        [0.0000, 0.0000, 0.0000, 0.2000, 0.0000, 0.0000, 0.0000, 0.0000, 0.0000,
         0.0000],
        [0.0000, 0.0000, 0.0000, 0.0000, 0.2000, 0.0000, 0.0000, 0.0000, 0.0000,
         0.0000],
        [0.0000, 0.0000, 0.0000, 0.0000, 0.0000, 0.2000, 0.0000, 0.0000, 0.0000,
         0.0000],
        [0.0000, 0.0000, 0.0000, 0.0000, 0.0000, 0.0000, 0.2000, 0.0000, 0.0000,
         0.0000],
        [0.0000, 0.0000, 0.0000, 0.0000, 0.0000, 0.0000, 0.0000, 0.2000, 0.0000,
         0.0000],
        [0.0000, 0.0000, 0.0000, 0.0000, 0.0000, 0.0000, 0.0000, 0.0000, 0.2000,
         0.0000],
        [0.0000, 0.0000, 0.0000, 0.0000, 0.0000, 0.0000, 0.0000, 0.0000, 0.0000,
         0.2000]])
Epoch  9: train_loss: 8.2254 recon_acc: 0.0066 val_roc: 0.5417 val_ap: 0.5411 f1: 0.6692 time: 3.4240
difference_matrix tensor([[0.0000, 0.2865, 0.2856, 0.2855, 0.2856, 0.2852, 0.2867, 0.2863, 0.2849,
         0.2871],
        [0.2865, 0.0000, 0.2866, 0.2874, 0.2872, 0.2865, 0.2879, 0.2879, 0.2864,
         0.2884],
        [0.2856, 0.2866, 0.0000, 0.2862, 0.2858, 0.2855, 0.2872, 0.2870, 0.2852,
         0.2877],
        [0.2855, 0.2874, 0.2862, 0.0000, 0.2863, 0.2860, 0.2878, 0.2873, 0.2858,
         0.2880],
        [0.2856, 0.2872, 0.2858, 0.2863, 0.0000, 0.2856, 0.2874, 0.2870, 0.2855,
         0.2874],
        [0.2852, 0.2865, 0.2855, 0.2860, 0.2856, 0.0000, 0.2871, 0.2867, 0.2848,
         0.2871],
        [0.2867, 0.2879, 0.2872, 0.2878, 0.2874, 0.2871, 0.0000, 0.2883, 0.2864,
         0.2889],
        [0.2863, 0.2879, 0.2870, 0.2873, 0.2870, 0.2867, 0.2883, 0.0000, 0.2862,
         0.2887],
        [0.2849, 0.2864, 0.2852, 0.2858, 0.2855, 0.2848, 0.2864, 0.2862, 0.0000,
         0.2867],
        [0.2871, 0.2884, 0.2877, 0.2880, 0.2874, 0.2871, 0.2889, 0.2887, 0.2867,
         0.0000]])
loss matrix tensor([[0.2000, 0.0000, 0.0000, 0.0000, 0.0000, 0.0000, 0.0000, 0.0000, 0.0000,
         0.0000],
        [0.0000, 0.2000, 0.0000, 0.0000, 0.0000, 0.0000, 0.0000, 0.0000, 0.0000,
         0.0000],
        [0.0000, 0.0000, 0.2000, 0.0000, 0.0000, 0.0000, 0.0000, 0.0000, 0.0000,
         0.0000],
        [0.0000, 0.0000, 0.0000, 0.2000, 0.0000, 0.0000, 0.0000, 0.0000, 0.0000,
         0.0000],
        [0.0000, 0.0000, 0.0000, 0.0000, 0.2000, 0.0000, 0.0000, 0.0000, 0.0000,
         0.0000],
        [0.0000, 0.0000, 0.0000, 0.0000, 0.0000, 0.2000, 0.0000, 0.0000, 0.0000,
         0.0000],
        [0.0000, 0.0000, 0.0000, 0.0000, 0.0000, 0.0000, 0.2000, 0.0000, 0.0000,
         0.0000],
        [0.0000, 0.0000, 0.0000, 0.0000, 0.0000, 0.0000, 0.0000, 0.2000, 0.0000,
         0.0000],
        [0.0000, 0.0000, 0.0000, 0.0000, 0.0000, 0.0000, 0.0000, 0.0000, 0.2000,
         0.0000],
        [0.0000, 0.0000, 0.0000, 0.0000, 0.0000, 0.0000, 0.0000, 0.0000, 0.0000,
         0.2000]])
Epoch 10: train_loss: 7.7108 recon_acc: 0.0071 val_roc: 0.5411 val_ap: 0.5378 f1: 0.6692 time: 3.2892
difference_matrix tensor([[0.0000, 0.2644, 0.2635, 0.2634, 0.2635, 0.2631, 0.2646, 0.2643, 0.2627,
         0.2651],
        [0.2644, 0.0000, 0.2645, 0.2654, 0.2652, 0.2645, 0.2658, 0.2658, 0.2643,
         0.2665],
        [0.2635, 0.2645, 0.0000, 0.2641, 0.2638, 0.2635, 0.2651, 0.2650, 0.2631,
         0.2658],
        [0.2634, 0.2654, 0.2641, 0.0000, 0.2643, 0.2640, 0.2656, 0.2652, 0.2637,
         0.2660],
        [0.2635, 0.2652, 0.2638, 0.2643, 0.0000, 0.2636, 0.2654, 0.2650, 0.2634,
         0.2655],
        [0.2631, 0.2645, 0.2635, 0.2640, 0.2636, 0.0000, 0.2650, 0.2647, 0.2627,
         0.2652],
        [0.2646, 0.2658, 0.2651, 0.2656, 0.2654, 0.2650, 0.0000, 0.2662, 0.2643,
         0.2669],
        [0.2643, 0.2658, 0.2650, 0.2652, 0.2650, 0.2647, 0.2662, 0.0000, 0.2642,
         0.2667],
        [0.2627, 0.2643, 0.2631, 0.2637, 0.2634, 0.2627, 0.2643, 0.2642, 0.0000,
         0.2648],
        [0.2651, 0.2665, 0.2658, 0.2660, 0.2655, 0.2652, 0.2669, 0.2667, 0.2648,
         0.0000]])
loss matrix tensor([[0.2000, 0.0000, 0.0000, 0.0000, 0.0000, 0.0000, 0.0000, 0.0000, 0.0000,
         0.0000],
        [0.0000, 0.2000, 0.0000, 0.0000, 0.0000, 0.0000, 0.0000, 0.0000, 0.0000,
         0.0000],
        [0.0000, 0.0000, 0.2000, 0.0000, 0.0000, 0.0000, 0.0000, 0.0000, 0.0000,
         0.0000],
        [0.0000, 0.0000, 0.0000, 0.2000, 0.0000, 0.0000, 0.0000, 0.0000, 0.0000,
         0.0000],
        [0.0000, 0.0000, 0.0000, 0.0000, 0.2000, 0.0000, 0.0000, 0.0000, 0.0000,
         0.0000],
        [0.0000, 0.0000, 0.0000, 0.0000, 0.0000, 0.2000, 0.0000, 0.0000, 0.0000,
         0.0000],
        [0.0000, 0.0000, 0.0000, 0.0000, 0.0000, 0.0000, 0.2000, 0.0000, 0.0000,
         0.0000],
        [0.0000, 0.0000, 0.0000, 0.0000, 0.0000, 0.0000, 0.0000, 0.2000, 0.0000,
         0.0000],
        [0.0000, 0.0000, 0.0000, 0.0000, 0.0000, 0.0000, 0.0000, 0.0000, 0.2000,
         0.0000],
        [0.0000, 0.0000, 0.0000, 0.0000, 0.0000, 0.0000, 0.0000, 0.0000, 0.0000,
         0.2000]])
Epoch 11: train_loss: 7.2651 recon_acc: 0.0081 val_roc: 0.5393 val_ap: 0.5346 f1: 0.6701 time: 3.2669
difference_matrix tensor([[0.0000, 0.2401, 0.2392, 0.2392, 0.2393, 0.2389, 0.2403, 0.2400, 0.2384,
         0.2410],
        [0.2401, 0.0000, 0.2404, 0.2411, 0.2411, 0.2403, 0.2416, 0.2416, 0.2400,
         0.2424],
        [0.2392, 0.2404, 0.0000, 0.2400, 0.2398, 0.2394, 0.2409, 0.2408, 0.2390,
         0.2417],
        [0.2392, 0.2411, 0.2400, 0.0000, 0.2402, 0.2398, 0.2414, 0.2411, 0.2394,
         0.2419],
        [0.2393, 0.2411, 0.2398, 0.2402, 0.0000, 0.2396, 0.2412, 0.2409, 0.2393,
         0.2416],
        [0.2389, 0.2403, 0.2394, 0.2398, 0.2396, 0.0000, 0.2408, 0.2405, 0.2386,
         0.2411],
        [0.2403, 0.2416, 0.2409, 0.2414, 0.2412, 0.2408, 0.0000, 0.2420, 0.2401,
         0.2428],
        [0.2400, 0.2416, 0.2408, 0.2411, 0.2409, 0.2405, 0.2420, 0.0000, 0.2400,
         0.2427],
        [0.2384, 0.2400, 0.2390, 0.2394, 0.2393, 0.2386, 0.2401, 0.2400, 0.0000,
         0.2407],
        [0.2410, 0.2424, 0.2417, 0.2419, 0.2416, 0.2411, 0.2428, 0.2427, 0.2407,
         0.0000]])
loss matrix tensor([[0.2000, 0.0000, 0.0000, 0.0000, 0.0000, 0.0000, 0.0000, 0.0000, 0.0000,
         0.0000],
        [0.0000, 0.2000, 0.0000, 0.0000, 0.0000, 0.0000, 0.0000, 0.0000, 0.0000,
         0.0000],
        [0.0000, 0.0000, 0.2000, 0.0000, 0.0000, 0.0000, 0.0000, 0.0000, 0.0000,
         0.0000],
        [0.0000, 0.0000, 0.0000, 0.2000, 0.0000, 0.0000, 0.0000, 0.0000, 0.0000,
         0.0000],
        [0.0000, 0.0000, 0.0000, 0.0000, 0.2000, 0.0000, 0.0000, 0.0000, 0.0000,
         0.0000],
        [0.0000, 0.0000, 0.0000, 0.0000, 0.0000, 0.2000, 0.0000, 0.0000, 0.0000,
         0.0000],
        [0.0000, 0.0000, 0.0000, 0.0000, 0.0000, 0.0000, 0.2000, 0.0000, 0.0000,
         0.0000],
        [0.0000, 0.0000, 0.0000, 0.0000, 0.0000, 0.0000, 0.0000, 0.2000, 0.0000,
         0.0000],
        [0.0000, 0.0000, 0.0000, 0.0000, 0.0000, 0.0000, 0.0000, 0.0000, 0.2000,
         0.0000],
        [0.0000, 0.0000, 0.0000, 0.0000, 0.0000, 0.0000, 0.0000, 0.0000, 0.0000,
         0.2000]])
Epoch 12: train_loss: 6.8969 recon_acc: 0.0094 val_roc: 0.5381 val_ap: 0.5329 f1: 0.6701 time: 3.3963
difference_matrix tensor([[0.0000, 0.2143, 0.2135, 0.2134, 0.2137, 0.2132, 0.2145, 0.2143, 0.2127,
         0.2153],
        [0.2143, 0.0000, 0.2147, 0.2154, 0.2154, 0.2146, 0.2158, 0.2160, 0.2143,
         0.2167],
        [0.2135, 0.2147, 0.0000, 0.2143, 0.2142, 0.2138, 0.2152, 0.2152, 0.2133,
         0.2161],
        [0.2134, 0.2154, 0.2143, 0.0000, 0.2146, 0.2141, 0.2156, 0.2154, 0.2137,
         0.2163],
        [0.2137, 0.2154, 0.2142, 0.2146, 0.0000, 0.2140, 0.2155, 0.2153, 0.2137,
         0.2161],
        [0.2132, 0.2146, 0.2138, 0.2141, 0.2140, 0.0000, 0.2151, 0.2149, 0.2130,
         0.2156],
        [0.2145, 0.2158, 0.2152, 0.2156, 0.2155, 0.2151, 0.0000, 0.2163, 0.2143,
         0.2171],
        [0.2143, 0.2160, 0.2152, 0.2154, 0.2153, 0.2149, 0.2163, 0.0000, 0.2144,
         0.2171],
        [0.2127, 0.2143, 0.2133, 0.2137, 0.2137, 0.2130, 0.2143, 0.2144, 0.0000,
         0.2151],
        [0.2153, 0.2167, 0.2161, 0.2163, 0.2161, 0.2156, 0.2171, 0.2171, 0.2151,
         0.0000]])
loss matrix tensor([[0.2000, 0.0000, 0.0000, 0.0000, 0.0000, 0.0000, 0.0000, 0.0000, 0.0000,
         0.0000],
        [0.0000, 0.2000, 0.0000, 0.0000, 0.0000, 0.0000, 0.0000, 0.0000, 0.0000,
         0.0000],
        [0.0000, 0.0000, 0.2000, 0.0000, 0.0000, 0.0000, 0.0000, 0.0000, 0.0000,
         0.0000],
        [0.0000, 0.0000, 0.0000, 0.2000, 0.0000, 0.0000, 0.0000, 0.0000, 0.0000,
         0.0000],
        [0.0000, 0.0000, 0.0000, 0.0000, 0.2000, 0.0000, 0.0000, 0.0000, 0.0000,
         0.0000],
        [0.0000, 0.0000, 0.0000, 0.0000, 0.0000, 0.2000, 0.0000, 0.0000, 0.0000,
         0.0000],
        [0.0000, 0.0000, 0.0000, 0.0000, 0.0000, 0.0000, 0.2000, 0.0000, 0.0000,
         0.0000],
        [0.0000, 0.0000, 0.0000, 0.0000, 0.0000, 0.0000, 0.0000, 0.2000, 0.0000,
         0.0000],
        [0.0000, 0.0000, 0.0000, 0.0000, 0.0000, 0.0000, 0.0000, 0.0000, 0.2000,
         0.0000],
        [0.0000, 0.0000, 0.0000, 0.0000, 0.0000, 0.0000, 0.0000, 0.0000, 0.0000,
         0.2000]])
Epoch 13: train_loss: 6.6100 recon_acc: 0.0064 val_roc: 0.5360 val_ap: 0.5462 f1: 0.6684 time: 3.3233
difference_matrix tensor([[0.0000, 0.1881, 0.1873, 0.1872, 0.1875, 0.1870, 0.1882, 0.1881, 0.1865,
         0.1890],
        [0.1881, 0.0000, 0.1886, 0.1891, 0.1892, 0.1884, 0.1895, 0.1897, 0.1881,
         0.1905],
        [0.1873, 0.1886, 0.0000, 0.1882, 0.1881, 0.1877, 0.1889, 0.1890, 0.1871,
         0.1899],
        [0.1872, 0.1891, 0.1882, 0.0000, 0.1884, 0.1879, 0.1893, 0.1892, 0.1875,
         0.1901],
        [0.1875, 0.1892, 0.1881, 0.1884, 0.0000, 0.1879, 0.1892, 0.1892, 0.1875,
         0.1900],
        [0.1870, 0.1884, 0.1877, 0.1879, 0.1879, 0.0000, 0.1888, 0.1888, 0.1868,
         0.1894],
        [0.1882, 0.1895, 0.1889, 0.1893, 0.1892, 0.1888, 0.0000, 0.1900, 0.1881,
         0.1908],
        [0.1881, 0.1897, 0.1890, 0.1892, 0.1892, 0.1888, 0.1900, 0.0000, 0.1882,
         0.1909],
        [0.1865, 0.1881, 0.1871, 0.1875, 0.1875, 0.1868, 0.1881, 0.1882, 0.0000,
         0.1889],
        [0.1890, 0.1905, 0.1899, 0.1901, 0.1900, 0.1894, 0.1908, 0.1909, 0.1889,
         0.0000]])
loss matrix tensor([[0.2000, 0.0119, 0.0127, 0.0128, 0.0125, 0.0130, 0.0118, 0.0119, 0.0135,
         0.0110],
        [0.0119, 0.2000, 0.0114, 0.0109, 0.0108, 0.0116, 0.0105, 0.0103, 0.0119,
         0.0095],
        [0.0127, 0.0114, 0.2000, 0.0118, 0.0119, 0.0123, 0.0111, 0.0110, 0.0129,
         0.0101],
        [0.0128, 0.0109, 0.0118, 0.2000, 0.0116, 0.0121, 0.0107, 0.0108, 0.0125,
         0.0099],
        [0.0125, 0.0108, 0.0119, 0.0116, 0.2000, 0.0121, 0.0108, 0.0108, 0.0125,
         0.0100],
        [0.0130, 0.0116, 0.0123, 0.0121, 0.0121, 0.2000, 0.0112, 0.0112, 0.0132,
         0.0106],
        [0.0118, 0.0105, 0.0111, 0.0107, 0.0108, 0.0112, 0.2000, 0.0100, 0.0119,
         0.0092],
        [0.0119, 0.0103, 0.0110, 0.0108, 0.0108, 0.0112, 0.0100, 0.2000, 0.0118,
         0.0091],
        [0.0135, 0.0119, 0.0129, 0.0125, 0.0125, 0.0132, 0.0119, 0.0118, 0.2000,
         0.0111],
        [0.0110, 0.0095, 0.0101, 0.0099, 0.0100, 0.0106, 0.0092, 0.0091, 0.0111,
         0.2000]])
Epoch 14: train_loss: 6.4032 recon_acc: 0.0063 val_roc: 0.5372 val_ap: 0.5456 f1: 0.6684 time: 3.3839
difference_matrix tensor([[0.0000, 0.1627, 0.1619, 0.1619, 0.1621, 0.1616, 0.1627, 0.1627, 0.1611,
         0.1636],
        [0.1627, 0.0000, 0.1631, 0.1636, 0.1637, 0.1630, 0.1640, 0.1642, 0.1626,
         0.1650],
        [0.1619, 0.1631, 0.0000, 0.1627, 0.1627, 0.1623, 0.1634, 0.1636, 0.1617,
         0.1644],
        [0.1619, 0.1636, 0.1627, 0.0000, 0.1629, 0.1625, 0.1637, 0.1637, 0.1621,
         0.1646],
        [0.1621, 0.1637, 0.1627, 0.1629, 0.0000, 0.1625, 0.1637, 0.1637, 0.1621,
         0.1644],
        [0.1616, 0.1630, 0.1623, 0.1625, 0.1625, 0.0000, 0.1633, 0.1633, 0.1615,
         0.1640],
        [0.1627, 0.1640, 0.1634, 0.1637, 0.1637, 0.1633, 0.0000, 0.1644, 0.1626,
         0.1652],
        [0.1627, 0.1642, 0.1636, 0.1637, 0.1637, 0.1633, 0.1644, 0.0000, 0.1627,
         0.1653],
        [0.1611, 0.1626, 0.1617, 0.1621, 0.1621, 0.1615, 0.1626, 0.1627, 0.0000,
         0.1635],
        [0.1636, 0.1650, 0.1644, 0.1646, 0.1644, 0.1640, 0.1652, 0.1653, 0.1635,
         0.0000]])
loss matrix tensor([[0.2000, 0.0373, 0.0381, 0.0381, 0.0379, 0.0384, 0.0373, 0.0373, 0.0389,
         0.0364],
        [0.0373, 0.2000, 0.0369, 0.0364, 0.0363, 0.0370, 0.0360, 0.0358, 0.0374,
         0.0350],
        [0.0381, 0.0369, 0.2000, 0.0373, 0.0373, 0.0377, 0.0366, 0.0364, 0.0383,
         0.0356],
        [0.0381, 0.0364, 0.0373, 0.2000, 0.0371, 0.0375, 0.0363, 0.0363, 0.0379,
         0.0354],
        [0.0379, 0.0363, 0.0373, 0.0371, 0.2000, 0.0375, 0.0363, 0.0363, 0.0379,
         0.0356],
        [0.0384, 0.0370, 0.0377, 0.0375, 0.0375, 0.2000, 0.0367, 0.0367, 0.0385,
         0.0360],
        [0.0373, 0.0360, 0.0366, 0.0363, 0.0363, 0.0367, 0.2000, 0.0356, 0.0374,
         0.0348],
        [0.0373, 0.0358, 0.0364, 0.0363, 0.0363, 0.0367, 0.0356, 0.2000, 0.0373,
         0.0347],
        [0.0389, 0.0374, 0.0383, 0.0379, 0.0379, 0.0385, 0.0374, 0.0373, 0.2000,
         0.0365],
        [0.0364, 0.0350, 0.0356, 0.0354, 0.0356, 0.0360, 0.0348, 0.0347, 0.0365,
         0.2000]])
Epoch 15: train_loss: 6.2679 recon_acc: 0.0061 val_roc: 0.5379 val_ap: 0.5455 f1: 0.6684 time: 3.3361
difference_matrix tensor([[0.0000, 0.1392, 0.1385, 0.1384, 0.1386, 0.1382, 0.1391, 0.1392, 0.1377,
         0.1400],
        [0.1392, 0.0000, 0.1396, 0.1399, 0.1400, 0.1394, 0.1403, 0.1406, 0.1391,
         0.1412],
        [0.1385, 0.1396, 0.0000, 0.1391, 0.1391, 0.1388, 0.1398, 0.1400, 0.1383,
         0.1407],
        [0.1384, 0.1399, 0.1391, 0.0000, 0.1393, 0.1390, 0.1400, 0.1401, 0.1385,
         0.1408],
        [0.1386, 0.1400, 0.1391, 0.1393, 0.0000, 0.1389, 0.1400, 0.1401, 0.1386,
         0.1408],
        [0.1382, 0.1394, 0.1388, 0.1390, 0.1389, 0.0000, 0.1396, 0.1398, 0.1380,
         0.1403],
        [0.1391, 0.1403, 0.1398, 0.1400, 0.1400, 0.1396, 0.0000, 0.1407, 0.1390,
         0.1414],
        [0.1392, 0.1406, 0.1400, 0.1401, 0.1401, 0.1398, 0.1407, 0.0000, 0.1392,
         0.1416],
        [0.1377, 0.1391, 0.1383, 0.1385, 0.1386, 0.1380, 0.1390, 0.1392, 0.0000,
         0.1398],
        [0.1400, 0.1412, 0.1407, 0.1408, 0.1408, 0.1403, 0.1414, 0.1416, 0.1398,
         0.0000]])
loss matrix tensor([[0.2000, 0.0608, 0.0615, 0.0616, 0.0614, 0.0618, 0.0609, 0.0608, 0.0623,
         0.0600],
        [0.0608, 0.2000, 0.0604, 0.0601, 0.0600, 0.0606, 0.0597, 0.0594, 0.0609,
         0.0588],
        [0.0615, 0.0604, 0.2000, 0.0609, 0.0609, 0.0612, 0.0602, 0.0600, 0.0617,
         0.0593],
        [0.0616, 0.0601, 0.0609, 0.2000, 0.0607, 0.0610, 0.0600, 0.0599, 0.0615,
         0.0592],
        [0.0614, 0.0600, 0.0609, 0.0607, 0.2000, 0.0611, 0.0600, 0.0599, 0.0614,
         0.0592],
        [0.0618, 0.0606, 0.0612, 0.0610, 0.0611, 0.2000, 0.0604, 0.0602, 0.0620,
         0.0597],
        [0.0609, 0.0597, 0.0602, 0.0600, 0.0600, 0.0604, 0.2000, 0.0593, 0.0610,
         0.0586],
        [0.0608, 0.0594, 0.0600, 0.0599, 0.0599, 0.0602, 0.0593, 0.2000, 0.0608,
         0.0584],
        [0.0623, 0.0609, 0.0617, 0.0615, 0.0614, 0.0620, 0.0610, 0.0608, 0.2000,
         0.0602],
        [0.0600, 0.0588, 0.0593, 0.0592, 0.0592, 0.0597, 0.0586, 0.0584, 0.0602,
         0.2000]])
Epoch 16: train_loss: 6.1932 recon_acc: 0.0062 val_roc: 0.5383 val_ap: 0.5444 f1: 0.6684 time: 3.4703
difference_matrix tensor([[0.0000, 0.1183, 0.1177, 0.1176, 0.1179, 0.1175, 0.1183, 0.1184, 0.1171,
         0.1191],
        [0.1183, 0.0000, 0.1187, 0.1190, 0.1191, 0.1186, 0.1193, 0.1196, 0.1183,
         0.1202],
        [0.1177, 0.1187, 0.0000, 0.1183, 0.1183, 0.1180, 0.1189, 0.1191, 0.1175,
         0.1197],
        [0.1176, 0.1190, 0.1183, 0.0000, 0.1184, 0.1181, 0.1190, 0.1191, 0.1177,
         0.1198],
        [0.1179, 0.1191, 0.1183, 0.1184, 0.0000, 0.1181, 0.1191, 0.1192, 0.1178,
         0.1198],
        [0.1175, 0.1186, 0.1180, 0.1181, 0.1181, 0.0000, 0.1187, 0.1189, 0.1173,
         0.1194],
        [0.1183, 0.1193, 0.1189, 0.1190, 0.1191, 0.1187, 0.0000, 0.1197, 0.1182,
         0.1203],
        [0.1184, 0.1196, 0.1191, 0.1191, 0.1192, 0.1189, 0.1197, 0.0000, 0.1184,
         0.1205],
        [0.1171, 0.1183, 0.1175, 0.1177, 0.1178, 0.1173, 0.1182, 0.1184, 0.0000,
         0.1190],
        [0.1191, 0.1202, 0.1197, 0.1198, 0.1198, 0.1194, 0.1203, 0.1205, 0.1190,
         0.0000]])
loss matrix tensor([[0.2000, 0.0817, 0.0823, 0.0824, 0.0821, 0.0825, 0.0817, 0.0816, 0.0829,
         0.0809],
        [0.0817, 0.2000, 0.0813, 0.0810, 0.0809, 0.0814, 0.0807, 0.0804, 0.0817,
         0.0798],
        [0.0823, 0.0813, 0.2000, 0.0817, 0.0817, 0.0820, 0.0811, 0.0809, 0.0825,
         0.0803],
        [0.0824, 0.0810, 0.0817, 0.2000, 0.0816, 0.0819, 0.0810, 0.0809, 0.0823,
         0.0802],
        [0.0821, 0.0809, 0.0817, 0.0816, 0.2000, 0.0819, 0.0809, 0.0808, 0.0822,
         0.0802],
        [0.0825, 0.0814, 0.0820, 0.0819, 0.0819, 0.2000, 0.0813, 0.0811, 0.0827,
         0.0806],
        [0.0817, 0.0807, 0.0811, 0.0810, 0.0809, 0.0813, 0.2000, 0.0803, 0.0818,
         0.0797],
        [0.0816, 0.0804, 0.0809, 0.0809, 0.0808, 0.0811, 0.0803, 0.2000, 0.0816,
         0.0795],
        [0.0829, 0.0817, 0.0825, 0.0823, 0.0822, 0.0827, 0.0818, 0.0816, 0.2000,
         0.0810],
        [0.0809, 0.0798, 0.0803, 0.0802, 0.0802, 0.0806, 0.0797, 0.0795, 0.0810,
         0.2000]])
Epoch 17: train_loss: 6.1665 recon_acc: 0.0067 val_roc: 0.5396 val_ap: 0.5437 f1: 0.6684 time: 3.2930
difference_matrix tensor([[0.0000, 0.1007, 0.1001, 0.1001, 0.1003, 0.0999, 0.1007, 0.1008, 0.0996,
         0.1014],
        [0.1007, 0.0000, 0.1009, 0.1012, 0.1013, 0.1008, 0.1015, 0.1018, 0.1006,
         0.1023],
        [0.1001, 0.1009, 0.0000, 0.1006, 0.1006, 0.1003, 0.1011, 0.1013, 0.1000,
         0.1019],
        [0.1001, 0.1012, 0.1006, 0.0000, 0.1007, 0.1005, 0.1013, 0.1014, 0.1002,
         0.1020],
        [0.1003, 0.1013, 0.1006, 0.1007, 0.0000, 0.1005, 0.1013, 0.1014, 0.1002,
         0.1019],
        [0.0999, 0.1008, 0.1003, 0.1005, 0.1005, 0.0000, 0.1010, 0.1012, 0.0998,
         0.1016],
        [0.1007, 0.1015, 0.1011, 0.1013, 0.1013, 0.1010, 0.0000, 0.1019, 0.1006,
         0.1025],
        [0.1008, 0.1018, 0.1013, 0.1014, 0.1014, 0.1012, 0.1019, 0.0000, 0.1008,
         0.1026],
        [0.0996, 0.1006, 0.1000, 0.1002, 0.1002, 0.0998, 0.1006, 0.1008, 0.0000,
         0.1013],
        [0.1014, 0.1023, 0.1019, 0.1020, 0.1019, 0.1016, 0.1025, 0.1026, 0.1013,
         0.0000]])
loss matrix tensor([[0.2000, 0.0993, 0.0999, 0.0999, 0.0997, 0.1001, 0.0993, 0.0992, 0.1004,
         0.0986],
        [0.0993, 0.2000, 0.0991, 0.0988, 0.0987, 0.0992, 0.0985, 0.0982, 0.0994,
         0.0977],
        [0.0999, 0.0991, 0.2000, 0.0994, 0.0994, 0.0997, 0.0989, 0.0987, 0.1000,
         0.0981],
        [0.0999, 0.0988, 0.0994, 0.2000, 0.0993, 0.0995, 0.0987, 0.0986, 0.0998,
         0.0980],
        [0.0997, 0.0987, 0.0994, 0.0993, 0.2000, 0.0995, 0.0987, 0.0986, 0.0998,
         0.0981],
        [0.1001, 0.0992, 0.0997, 0.0995, 0.0995, 0.2000, 0.0990, 0.0988, 0.1002,
         0.0984],
        [0.0993, 0.0985, 0.0989, 0.0987, 0.0987, 0.0990, 0.2000, 0.0981, 0.0994,
         0.0975],
        [0.0992, 0.0982, 0.0987, 0.0986, 0.0986, 0.0988, 0.0981, 0.2000, 0.0992,
         0.0974],
        [0.1004, 0.0994, 0.1000, 0.0998, 0.0998, 0.1002, 0.0994, 0.0992, 0.2000,
         0.0987],
        [0.0986, 0.0977, 0.0981, 0.0980, 0.0981, 0.0984, 0.0975, 0.0974, 0.0987,
         0.2000]])
Epoch 18: train_loss: 6.1741 recon_acc: 0.0077 val_roc: 0.5432 val_ap: 0.5456 f1: 0.6684 time: 3.3438
difference_matrix tensor([[0.0000, 0.0863, 0.0858, 0.0858, 0.0860, 0.0856, 0.0864, 0.0864, 0.0854,
         0.0869],
        [0.0863, 0.0000, 0.0865, 0.0868, 0.0869, 0.0864, 0.0871, 0.0873, 0.0863,
         0.0877],
        [0.0858, 0.0865, 0.0000, 0.0863, 0.0863, 0.0860, 0.0867, 0.0869, 0.0857,
         0.0874],
        [0.0858, 0.0868, 0.0863, 0.0000, 0.0864, 0.0861, 0.0869, 0.0870, 0.0859,
         0.0875],
        [0.0860, 0.0869, 0.0863, 0.0864, 0.0000, 0.0861, 0.0869, 0.0870, 0.0860,
         0.0875],
        [0.0856, 0.0864, 0.0860, 0.0861, 0.0861, 0.0000, 0.0866, 0.0867, 0.0856,
         0.0871],
        [0.0864, 0.0871, 0.0867, 0.0869, 0.0869, 0.0866, 0.0000, 0.0874, 0.0863,
         0.0879],
        [0.0864, 0.0873, 0.0869, 0.0870, 0.0870, 0.0867, 0.0874, 0.0000, 0.0865,
         0.0880],
        [0.0854, 0.0863, 0.0857, 0.0859, 0.0860, 0.0856, 0.0863, 0.0865, 0.0000,
         0.0869],
        [0.0869, 0.0877, 0.0874, 0.0875, 0.0875, 0.0871, 0.0879, 0.0880, 0.0869,
         0.0000]])
loss matrix tensor([[0.2000, 0.1137, 0.1142, 0.1142, 0.1140, 0.1144, 0.1136, 0.1136, 0.1146,
         0.1131],
        [0.1137, 0.2000, 0.1135, 0.1132, 0.1131, 0.1136, 0.1129, 0.1127, 0.1137,
         0.1123],
        [0.1142, 0.1135, 0.2000, 0.1137, 0.1137, 0.1140, 0.1133, 0.1131, 0.1143,
         0.1126],
        [0.1142, 0.1132, 0.1137, 0.2000, 0.1136, 0.1139, 0.1131, 0.1130, 0.1141,
         0.1125],
        [0.1140, 0.1131, 0.1137, 0.1136, 0.2000, 0.1139, 0.1131, 0.1130, 0.1140,
         0.1125],
        [0.1144, 0.1136, 0.1140, 0.1139, 0.1139, 0.2000, 0.1134, 0.1133, 0.1144,
         0.1129],
        [0.1136, 0.1129, 0.1133, 0.1131, 0.1131, 0.1134, 0.2000, 0.1126, 0.1137,
         0.1121],
        [0.1136, 0.1127, 0.1131, 0.1130, 0.1130, 0.1133, 0.1126, 0.2000, 0.1135,
         0.1120],
